0.000000 
0.000000 
0.000000 
0.000000 
0.000001 
0.000001 
0.000002 
0.000002 
0.000003 
0.000004 
0.000004 
0.000005 
0.000006 
0.000007 
0.000008 
0.000010 
0.000011 
0.000012 
0.000014 
0.000015 
0.000017 
0.000018 
0.000020 
0.000022 
0.000024 
0.000026 
0.000028 
0.000030 
0.000032 
0.000035 
0.000037 
0.000040 
0.000042 
0.000045 
0.000048 
0.000050 
0.000053 
0.000056 
0.000059 
0.000062 
0.000066 
0.000069 
0.000072 
0.000076 
0.000079 
0.000083 
0.000086 
0.000090 
0.000094 
0.000098 
0.000102 
0.000106 
0.000110 
0.000114 
0.000119 
0.000123 
0.000128 
0.000132 
0.000137 
0.000142 
0.000146 
0.000151 
0.000156 
0.000161 
0.000166 
0.000172 
0.000177 
0.000182 
0.000188 
0.000193 
0.000199 
0.000204 
0.000210 
0.000216 
0.000222 
0.000228 
0.000234 
0.000240 
0.000246 
0.000253 
0.000259 
0.000266 
0.000272 
0.000279 
0.000286 
0.000292 
0.000299 
0.000306 
0.000313 
0.000320 
0.000328 
0.000335 
0.000342 
0.000350 
0.000357 
0.000365 
0.000372 
0.000380 
0.000388 
0.000396 
0.000404 
0.000412 
0.000420 
0.000428 
0.000437 
0.000445 
0.000454 
0.000462 
0.000471 
0.000480 
0.000488 
0.000497 
0.000506 
0.000515 
0.000524 
0.000534 
0.000543 
0.000552 
0.000562 
0.000571 
0.000581 
0.000590 
0.000600 
0.000610 
0.000620 
0.000630 
0.000640 
0.000650 
0.000660 
0.000671 
0.000681 
0.000692 
0.000702 
0.000713 
0.000724 
0.000734 
0.000745 
0.000756 
0.000767 
0.000778 
0.000790 
0.000801 
0.000812 
0.000824 
0.000835 
0.000847 
0.000858 
0.000870 
0.000882 
0.000894 
0.000906 
0.000918 
0.000930 
0.000942 
0.000955 
0.000967 
0.000980 
0.000992 
0.001005 
0.001018 
0.001030 
0.001043 
0.001056 
0.001069 
0.001082 
0.001096 
0.001109 
0.001122 
0.001136 
0.001149 
0.001163 
0.001176 
0.001190 
0.001204 
0.001218 
0.001232 
0.001246 
0.001260 
0.001274 
0.001289 
0.001303 
0.001318 
0.001332 
0.001347 
0.001362 
0.001376 
0.001391 
0.001406 
0.001421 
0.001436 
0.001452 
0.001467 
0.001482 
0.001498 
0.001513 
0.001529 
0.001544 
0.001560 
0.001576 
0.001592 
0.001608 
0.001624 
0.001640 
0.001656 
0.001673 
0.001689 
0.001706 
0.001722 
0.001739 
0.001756 
0.001772 
0.001789 
0.001806 
0.001823 
0.001840 
0.001858 
0.001875 
0.001892 
0.001910 
0.001927 
0.001945 
0.001962 
0.001980 
0.001998 
0.002016 
0.002034 
0.002052 
0.002070 
0.002088 
0.002107 
0.002125 
0.002144 
0.002162 
0.002181 
0.002200 
0.002218 
0.002237 
0.002256 
0.002275 
0.002294 
0.002314 
0.002333 
0.002352 
0.002372 
0.002391 
0.002411 
0.002430 
0.002450 
0.002470 
0.002490 
0.002510 
0.002530 
0.002550 
0.002570 
0.002590 
0.002610 
0.002630 
0.002650 
0.002670 
0.002690 
0.002710 
0.002730 
0.002750 
0.002770 
0.002790 
0.002810 
0.002830 
0.002850 
0.002870 
0.002890 
0.002910 
0.002930 
0.002950 
0.002970 
0.002990 
0.003010 
0.003030 
0.003050 
0.003070 
0.003090 
0.003110 
0.003130 
0.003150 
0.003170 
0.003190 
0.003210 
0.003230 
0.003250 
0.003270 
0.003290 
0.003310 
0.003330 
0.003350 
0.003370 
0.003390 
0.003410 
0.003430 
0.003450 
0.003470 
0.003490 
0.003510 
0.003530 
0.003550 
0.003570 
0.003590 
0.003610 
0.003630 
0.003650 
0.003670 
0.003690 
0.003710 
0.003730 
0.003750 
0.003770 
0.003790 
0.003810 
0.003830 
0.003850 
0.003870 
0.003890 
0.003910 
0.003930 
0.003950 
0.003970 
0.003990 
0.004010 
0.004030 
0.004050 
0.004070 
0.004090 
0.004110 
0.004130 
0.004150 
0.004170 
0.004190 
0.004210 
0.004230 
0.004250 
0.004270 
0.004290 
0.004310 
0.004330 
0.004350 
0.004370 
0.004390 
0.004410 
0.004430 
0.004450 
0.004470 
0.004490 
0.004510 
0.004530 
0.004550 
0.004570 
0.004590 
0.004610 
0.004630 
0.004650 
0.004670 
0.004690 
0.004710 
0.004730 
0.004750 
0.004770 
0.004790 
0.004810 
0.004830 
0.004850 
0.004870 
0.004890 
0.004910 
0.004930 
0.004950 
0.004970 
0.004990 
0.005010 
0.005030 
0.005050 
0.005070 
0.005090 
0.005110 
0.005130 
0.005150 
0.005170 
0.005190 
0.005210 
0.005230 
0.005250 
0.005270 
0.005290 
0.005310 
0.005330 
0.005350 
0.005370 
0.005390 
0.005410 
0.005430 
0.005450 
0.005470 
0.005490 
0.005510 
0.005530 
0.005550 
0.005570 
0.005590 
0.005610 
0.005630 
0.005650 
0.005670 
0.005690 
0.005710 
0.005730 
0.005750 
0.005770 
0.005790 
0.005810 
0.005830 
0.005850 
0.005870 
0.005890 
0.005910 
0.005930 
0.005950 
0.005970 
0.005990 
0.006010 
0.006030 
0.006050 
0.006070 
0.006090 
0.006110 
0.006130 
0.006150 
0.006170 
0.006190 
0.006210 
0.006230 
0.006250 
0.006270 
0.006290 
0.006310 
0.006330 
0.006350 
0.006370 
0.006390 
0.006410 
0.006430 
0.006450 
0.006470 
0.006490 
0.006510 
0.006530 
0.006550 
0.006570 
0.006590 
0.006610 
0.006630 
0.006650 
0.006670 
0.006690 
0.006710 
0.006730 
0.006750 
0.006770 
0.006790 
0.006810 
0.006830 
0.006850 
0.006870 
0.006890 
0.006910 
0.006930 
0.006950 
0.006970 
0.006990 
0.007010 
0.007030 
0.007050 
0.007070 
0.007090 
0.007110 
0.007130 
0.007150 
0.007170 
0.007190 
0.007210 
0.007230 
0.007250 
0.007270 
0.007290 
0.007310 
0.007330 
0.007350 
0.007370 
0.007390 
0.007410 
0.007430 
0.007450 
0.007470 
0.007490 
0.007510 
0.007530 
0.007550 
0.007570 
0.007590 
0.007610 
0.007630 
0.007650 
0.007670 
0.007690 
0.007710 
0.007730 
0.007750 
0.007770 
0.007790 
0.007810 
0.007830 
0.007850 
0.007870 
0.007890 
0.007910 
0.007930 
0.007950 
0.007970 
0.007990 
0.008010 
0.008030 
0.008050 
0.008070 
0.008090 
0.008110 
0.008130 
0.008150 
0.008170 
0.008190 
0.008210 
0.008230 
0.008250 
0.008270 
0.008290 
0.008310 
0.008330 
0.008350 
0.008370 
0.008390 
0.008410 
0.008430 
0.008450 
0.008470 
0.008490 
0.008510 
0.008530 
0.008550 
0.008570 
0.008590 
0.008610 
0.008630 
0.008650 
0.008670 
0.008690 
0.008710 
0.008730 
0.008750 
0.008770 
0.008790 
0.008810 
0.008830 
0.008850 
0.008870 
0.008890 
0.008910 
0.008930 
0.008950 
0.008970 
0.008990 
0.009010 
0.009030 
0.009050 
0.009070 
0.009090 
0.009110 
0.009130 
0.009150 
0.009170 
0.009190 
0.009210 
0.009230 
0.009250 
0.009270 
0.009290 
0.009310 
0.009330 
0.009350 
0.009370 
0.009390 
0.009410 
0.009430 
0.009450 
0.009470 
0.009490 
0.009510 
0.009530 
0.009550 
0.009570 
0.009590 
0.009610 
0.009630 
0.009650 
0.009670 
0.009690 
0.009710 
0.009730 
0.009750 
0.009770 
0.009790 
0.009810 
0.009830 
0.009850 
0.009870 
0.009890 
0.009910 
0.009930 
0.009950 
0.009970 
0.009990 
0.010010 
0.010030 
0.010050 
0.010070 
0.010090 
0.010110 
0.010130 
0.010150 
0.010170 
0.010190 
0.010210 
0.010230 
0.010250 
0.010270 
0.010290 
0.010310 
0.010330 
0.010350 
0.010370 
0.010390 
0.010410 
0.010430 
0.010450 
0.010470 
0.010490 
0.010510 
0.010530 
0.010550 
0.010570 
0.010590 
0.010610 
0.010630 
0.010650 
0.010670 
0.010690 
0.010710 
0.010730 
0.010750 
0.010770 
0.010790 
0.010810 
0.010830 
0.010850 
0.010870 
0.010890 
0.010910 
0.010930 
0.010950 
0.010970 
0.010990 
0.011010 
0.011030 
0.011050 
0.011070 
0.011090 
0.011110 
0.011130 
0.011150 
0.011170 
0.011190 
0.011210 
0.011230 
0.011250 
0.011270 
0.011290 
0.011310 
0.011330 
0.011350 
0.011370 
0.011390 
0.011410 
0.011430 
0.011450 
0.011470 
0.011490 
0.011510 
0.011530 
0.011550 
0.011570 
0.011590 
0.011610 
0.011630 
0.011650 
0.011670 
0.011690 
0.011710 
0.011730 
0.011750 
0.011770 
0.011790 
0.011810 
0.011830 
0.011850 
0.011870 
0.011890 
0.011910 
0.011930 
0.011950 
0.011970 
0.011990 
0.012010 
0.012030 
0.012050 
0.012070 
0.012090 
0.012110 
0.012130 
0.012150 
0.012170 
0.012190 
0.012210 
0.012230 
0.012250 
0.012270 
0.012290 
0.012310 
0.012330 
0.012350 
0.012370 
0.012390 
0.012410 
0.012430 
0.012450 
0.012470 
0.012490 
0.012510 
0.012530 
0.012550 
0.012570 
0.012590 
0.012610 
0.012630 
0.012650 
0.012670 
0.012690 
0.012710 
0.012730 
0.012750 
0.012770 
0.012790 
0.012810 
0.012830 
0.012850 
0.012870 
0.012890 
0.012910 
0.012930 
0.012950 
0.012970 
0.012990 
0.013010 
0.013030 
0.013050 
0.013070 
0.013090 
0.013110 
0.013130 
0.013150 
0.013170 
0.013190 
0.013210 
0.013230 
0.013250 
0.013270 
0.013290 
0.013310 
0.013330 
0.013350 
0.013370 
0.013390 
0.013410 
0.013430 
0.013450 
0.013470 
0.013490 
0.013510 
0.013530 
0.013550 
0.013570 
0.013590 
0.013610 
0.013630 
0.013650 
0.013670 
0.013690 
0.013710 
0.013730 
0.013750 
0.013770 
0.013790 
0.013810 
0.013830 
0.013850 
0.013870 
0.013890 
0.013910 
0.013930 
0.013950 
0.013970 
0.013990 
0.014010 
0.014030 
0.014050 
0.014070 
0.014090 
0.014110 
0.014130 
0.014150 
0.014170 
0.014190 
0.014210 
0.014230 
0.014250 
0.014270 
0.014290 
0.014310 
0.014330 
0.014350 
0.014370 
0.014390 
0.014410 
0.014430 
0.014450 
0.014470 
0.014490 
0.014510 
0.014530 
0.014550 
0.014570 
0.014590 
0.014610 
0.014630 
0.014650 
0.014670 
0.014690 
0.014710 
0.014730 
0.014750 
0.014770 
0.014790 
0.014810 
0.014830 
0.014850 
0.014870 
0.014890 
0.014910 
0.014930 
0.014950 
0.014970 
0.014990 
0.015010 
0.015030 
0.015050 
0.015070 
0.015090 
0.015110 
0.015130 
0.015150 
0.015170 
0.015190 
0.015210 
0.015230 
0.015250 
0.015270 
0.015290 
0.015310 
0.015330 
0.015350 
0.015370 
0.015390 
0.015410 
0.015430 
0.015450 
0.015470 
0.015490 
0.015510 
0.015530 
0.015550 
0.015570 
0.015590 
0.015610 
0.015630 
0.015650 
0.015670 
0.015690 
0.015710 
0.015730 
0.015750 
0.015770 
0.015790 
0.015810 
0.015830 
0.015850 
0.015870 
0.015890 
0.015910 
0.015930 
0.015950 
0.015970 
0.015990 
0.016010 
0.016030 
0.016050 
0.016070 
0.016090 
0.016110 
0.016130 
0.016150 
0.016170 
0.016190 
0.016210 
0.016230 
0.016250 
0.016270 
0.016290 
0.016310 
0.016330 
0.016350 
0.016370 
0.016390 
0.016410 
0.016430 
0.016450 
0.016470 
0.016490 
0.016510 
0.016530 
0.016550 
0.016570 
0.016590 
0.016610 
0.016630 
0.016650 
0.016670 
0.016690 
0.016710 
0.016730 
0.016750 
0.016770 
0.016790 
0.016810 
0.016830 
0.016850 
0.016870 
0.016890 
0.016910 
0.016930 
0.016950 
0.016970 
0.016990 
0.017010 
0.017030 
0.017050 
0.017070 
0.017090 
0.017110 
0.017130 
0.017150 
0.017170 
0.017190 
0.017210 
0.017230 
0.017250 
0.017270 
0.017290 
0.017310 
0.017330 
0.017350 
0.017370 
0.017390 
0.017410 
0.017430 
0.017450 
0.017470 
0.017490 
0.017510 
0.017530 
0.017550 
0.017570 
0.017589 
0.017609 
0.017628 
0.017648 
0.017667 
0.017686 
0.017706 
0.017725 
0.017744 
0.017763 
0.017782 
0.017800 
0.017819 
0.017838 
0.017856 
0.017875 
0.017893 
0.017912 
0.017930 
0.017948 
0.017966 
0.017984 
0.018002 
0.018020 
0.018038 
0.018055 
0.018073 
0.018090 
0.018108 
0.018125 
0.018142 
0.018160 
0.018177 
0.018194 
0.018211 
0.018228 
0.018244 
0.018261 
0.018278 
0.018294 
0.018311 
0.018327 
0.018344 
0.018360 
0.018376 
0.018392 
0.018408 
0.018424 
0.018440 
0.018456 
0.018471 
0.018487 
0.018502 
0.018518 
0.018533 
0.018548 
0.018564 
0.018579 
0.018594 
0.018609 
0.018624 
0.018638 
0.018653 
0.018668 
0.018682 
0.018697 
0.018711 
0.018726 
0.018740 
0.018754 
0.018768 
0.018782 
0.018796 
0.018810 
0.018824 
0.018837 
0.018851 
0.018864 
0.018878 
0.018891 
0.018904 
0.018918 
0.018931 
0.018944 
0.018957 
0.018970 
0.018982 
0.018995 
0.019008 
0.019020 
0.019033 
0.019045 
0.019058 
0.019070 
0.019082 
0.019094 
0.019106 
0.019118 
0.019130 
0.019142 
0.019153 
0.019165 
0.019176 
0.019188 
0.019199 
0.019210 
0.019222 
0.019233 
0.019244 
0.019255 
0.019266 
0.019276 
0.019287 
0.019298 
0.019308 
0.019319 
0.019329 
0.019340 
0.019350 
0.019360 
0.019370 
0.019380 
0.019390 
0.019400 
0.019410 
0.019419 
0.019429 
0.019438 
0.019448 
0.019457 
0.019466 
0.019476 
0.019485 
0.019494 
0.019503 
0.019512 
0.019520 
0.019529 
0.019538 
0.019546 
0.019555 
0.019563 
0.019572 
0.019580 
0.019588 
0.019596 
0.019604 
0.019612 
0.019620 
0.019628 
0.019635 
0.019643 
0.019650 
0.019658 
0.019665 
0.019672 
0.019680 
0.019687 
0.019694 
0.019701 
0.019708 
0.019714 
0.019721 
0.019728 
0.019734 
0.019741 
0.019747 
0.019754 
0.019760 
0.019766 
0.019772 
0.019778 
0.019784 
0.019790 
0.019796 
0.019801 
0.019807 
0.019812 
0.019818 
0.019823 
0.019828 
0.019834 
0.019839 
0.019844 
0.019849 
0.019854 
0.019858 
0.019863 
0.019868 
0.019872 
0.019877 
0.019881 
0.019886 
0.019890 
0.019894 
0.019898 
0.019902 
0.019906 
0.019910 
0.019914 
0.019917 
0.019921 
0.019924 
0.019928 
0.019931 
0.019934 
0.019938 
0.019941 
0.019944 
0.019947 
0.019950 
0.019952 
0.019955 
0.019958 
0.019960 
0.019963 
0.019965 
0.019968 
0.019970 
0.019972 
0.019974 
0.019976 
0.019978 
0.019980 
0.019982 
0.019983 
0.019985 
0.019986 
0.019988 
0.019989 
0.019990 
0.019992 
0.019993 
0.019994 
0.019995 
0.019996 
0.019996 
0.019997 
0.019998 
0.019998 
0.019999 
0.019999 
0.020000 
0.020000 
0.020000 
0.020000 
0.020000 
0.020000 
0.020000 
0.020000 
0.020000 
0.020000 
0.020000 
0.020001 
0.020001 
0.020001 
0.020001 
0.020002 
0.020002 
0.020002 
0.020003 
0.020003 
0.020004 
0.020004 
0.020005 
0.020005 
0.020006 
0.020007 
0.020007 
0.020008 
0.020009 
0.020010 
0.020010 
0.020011 
0.020012 
0.020013 
0.020014 
0.020015 
0.020016 
0.020017 
0.020018 
0.020019 
0.020020 
0.020021 
0.020022 
0.020024 
0.020025 
0.020026 
0.020028 
0.020029 
0.020030 
0.020032 
0.020033 
0.020035 
0.020036 
0.020038 
0.020039 
0.020041 
0.020042 
0.020044 
0.020046 
0.020048 
0.020049 
0.020051 
0.020053 
0.020055 
0.020057 
0.020059 
0.020061 
0.020062 
0.020065 
0.020067 
0.020069 
0.020071 
0.020073 
0.020075 
0.020077 
0.020080 
0.020082 
0.020084 
0.020086 
0.020089 
0.020091 
0.020094 
0.020096 
0.020099 
0.020101 
0.020104 
0.020106 
0.020109 
0.020112 
0.020114 
0.020117 
0.020120 
0.020122 
0.020125 
0.020128 
0.020131 
0.020134 
0.020137 
0.020140 
0.020143 
0.020146 
0.020149 
0.020152 
0.020155 
0.020158 
0.020162 
0.020165 
0.020168 
0.020171 
0.020175 
0.020178 
0.020181 
0.020185 
0.020188 
0.020192 
0.020195 
0.020199 
0.020202 
0.020206 
0.020210 
0.020213 
0.020217 
0.020221 
0.020225 
0.020228 
0.020232 
0.020236 
0.020240 
0.020244 
0.020248 
0.020252 
0.020256 
0.020260 
0.020264 
0.020268 
0.020272 
0.020277 
0.020281 
0.020285 
0.020289 
0.020294 
0.020298 
0.020302 
0.020307 
0.020311 
0.020316 
0.020320 
0.020325 
0.020329 
0.020334 
0.020339 
0.020343 
0.020348 
0.020353 
0.020358 
0.020362 
0.020367 
0.020372 
0.020377 
0.020382 
0.020387 
0.020392 
0.020397 
0.020402 
0.020407 
0.020412 
0.020417 
0.020422 
0.020428 
0.020433 
0.020438 
0.020444 
0.020449 
0.020454 
0.020460 
0.020465 
0.020471 
0.020476 
0.020482 
0.020487 
0.020493 
0.020498 
0.020504 
0.020510 
0.020516 
0.020521 
0.020527 
0.020533 
0.020539 
0.020545 
0.020551 
0.020557 
0.020562 
0.020569 
0.020575 
0.020581 
0.020587 
0.020593 
0.020599 
0.020605 
0.020612 
0.020618 
0.020624 
0.020630 
0.020637 
0.020643 
0.020650 
0.020656 
0.020663 
0.020669 
0.020676 
0.020682 
0.020689 
0.020696 
0.020702 
0.020709 
0.020716 
0.020722 
0.020729 
0.020736 
0.020743 
0.020750 
0.020757 
0.020764 
0.020771 
0.020778 
0.020785 
0.020792 
0.020799 
0.020806 
0.020814 
0.020821 
0.020828 
0.020835 
0.020843 
0.020850 
0.020857 
0.020865 
0.020872 
0.020880 
0.020887 
0.020895 
0.020902 
0.020910 
0.020918 
0.020925 
0.020933 
0.020941 
0.020949 
0.020956 
0.020964 
0.020972 
0.020980 
0.020988 
0.020996 
0.021004 
0.021012 
0.021020 
0.021028 
0.021036 
0.021044 
0.021053 
0.021061 
0.021069 
0.021077 
0.021086 
0.021094 
0.021102 
0.021111 
0.021119 
0.021128 
0.021136 
0.021145 
0.021153 
0.021162 
0.021171 
0.021179 
0.021188 
0.021197 
0.021206 
0.021214 
0.021223 
0.021232 
0.021241 
0.021250 
0.021259 
0.021268 
0.021277 
0.021286 
0.021295 
0.021304 
0.021313 
0.021321 
0.021330 
0.021339 
0.021348 
0.021357 
0.021366 
0.021375 
0.021384 
0.021393 
0.021402 
0.021411 
0.021420 
0.021429 
0.021438 
0.021447 
0.021456 
0.021465 
0.021474 
0.021482 
0.021491 
0.021500 
0.021509 
0.021518 
0.021527 
0.021536 
0.021545 
0.021554 
0.021563 
0.021572 
0.021581 
0.021590 
0.021599 
0.021608 
0.021617 
0.021626 
0.021635 
0.021643 
0.021652 
0.021661 
0.021670 
0.021679 
0.021688 
0.021697 
0.021706 
0.021715 
0.021724 
0.021733 
0.021742 
0.021751 
0.021760 
0.021769 
0.021778 
0.021787 
0.021796 
0.021804 
0.021813 
0.021822 
0.021831 
0.021840 
0.021849 
0.021858 
0.021867 
0.021876 
0.021885 
0.021894 
0.021903 
0.021912 
0.021921 
0.021930 
0.021939 
0.021948 
0.021957 
0.021965 
0.021974 
0.021983 
0.021992 
0.022001 
0.022010 
0.022019 
0.022028 
0.022037 
0.022046 
0.022055 
0.022064 
0.022073 
0.022082 
0.022091 
0.022100 
0.022109 
0.022118 
0.022126 
0.022135 
0.022144 
0.022153 
0.022162 
0.022171 
0.022180 
0.022189 
0.022198 
0.022207 
0.022216 
0.022225 
0.022234 
0.022243 
0.022252 
0.022261 
0.022270 
0.022279 
0.022287 
0.022296 
0.022305 
0.022314 
0.022323 
0.022332 
0.022341 
0.022350 
0.022359 
0.022368 
0.022377 
0.022386 
0.022395 
0.022404 
0.022413 
0.022422 
0.022431 
0.022440 
0.022448 
0.022457 
0.022466 
0.022475 
0.022484 
0.022493 
0.022502 
0.022511 
0.022520 
0.022529 
0.022538 
0.022547 
0.022556 
0.022565 
0.022574 
0.022583 
0.022592 
0.022601 
0.022609 
0.022618 
0.022627 
0.022636 
0.022645 
0.022654 
0.022663 
0.022672 
0.022681 
0.022690 
0.022699 
0.022708 
0.022717 
0.022726 
0.022735 
0.022744 
0.022753 
0.022762 
0.022770 
0.022779 
0.022788 
0.022797 
0.022806 
0.022815 
0.022824 
0.022833 
0.022842 
0.022851 
0.022860 
0.022869 
0.022878 
0.022887 
0.022896 
0.022905 
0.022914 
0.022923 
0.022931 
0.022940 
0.022949 
0.022958 
0.022967 
0.022976 
0.022985 
0.022994 
0.023003 
0.023012 
0.023021 
0.023030 
0.023039 
0.023048 
0.023057 
0.023066 
0.023075 
0.023084 
0.023092 
0.023101 
0.023110 
0.023119 
0.023128 
0.023137 
0.023146 
0.023155 
0.023164 
0.023173 
0.023182 
0.023191 
0.023200 
0.023209 
0.023218 
0.023227 
0.023236 
0.023245 
0.023253 
0.023262 
0.023271 
0.023280 
0.023289 
0.023298 
0.023307 
0.023316 
0.023325 
0.023334 
0.023343 
0.023352 
0.023361 
0.023370 
0.023379 
0.023388 
0.023397 
0.023406 
0.023414 
0.023423 
0.023432 
0.023441 
0.023450 
0.023459 
0.023468 
0.023477 
0.023486 
0.023495 
0.023504 
0.023513 
0.023522 
0.023531 
0.023540 
0.023549 
0.023558 
0.023567 
0.023575 
0.023584 
0.023593 
0.023602 
0.023611 
0.023620 
0.023629 
0.023638 
0.023647 
0.023656 
0.023665 
0.023674 
0.023683 
0.023692 
0.023701 
0.023710 
0.023719 
0.023727 
0.023736 
0.023745 
0.023754 
0.023763 
0.023772 
0.023781 
0.023790 
0.023799 
0.023808 
0.023817 
0.023826 
0.023835 
0.023844 
0.023853 
0.023862 
0.023871 
0.023880 
0.023888 
0.023897 
0.023906 
0.023915 
0.023924 
0.023933 
0.023942 
0.023951 
0.023960 
0.023969 
0.023978 
0.023987 
0.023996 
0.024005 
0.024014 
0.024023 
0.024032 
0.024041 
0.024049 
0.024058 
0.024067 
0.024076 
0.024085 
0.024094 
0.024103 
0.024112 
0.024121 
0.024130 
0.024139 
0.024148 
0.024157 
0.024166 
0.024175 
0.024184 
0.024193 
0.024202 
0.024210 
0.024219 
0.024228 
0.024237 
0.024246 
0.024255 
0.024264 
0.024273 
0.024282 
0.024291 
0.024300 
0.024309 
0.024318 
0.024327 
0.024336 
0.024345 
0.024354 
0.024363 
0.024371 
0.024380 
0.024389 
0.024398 
0.024407 
0.024416 
0.024425 
0.024434 
0.024443 
0.024452 
0.024461 
0.024470 
0.024479 
0.024488 
0.024497 
0.024506 
0.024515 
0.024524 
0.024532 
0.024541 
0.024550 
0.024559 
0.024568 
0.024577 
0.024586 
0.024595 
0.024604 
0.024613 
0.024622 
0.024631 
0.024640 
0.024649 
0.024658 
0.024667 
0.024676 
0.024685 
0.024693 
0.024702 
0.024711 
0.024720 
0.024729 
0.024738 
0.024747 
0.024756 
0.024765 
0.024774 
0.024783 
0.024792 
0.024801 
0.024810 
0.024819 
0.024828 
0.024837 
0.024846 
0.024854 
0.024863 
0.024872 
0.024881 
0.024890 
0.024899 
0.024908 
0.024917 
0.024926 
0.024935 
0.024944 
0.024953 
0.024962 
0.024971 
0.024980 
0.024989 
0.024998 
0.025007 
0.025015 
0.025024 
0.025033 
0.025042 
0.025051 
0.025060 
0.025069 
0.025078 
0.025087 
0.025096 
0.025105 
0.025114 
0.025123 
0.025132 
0.025141 
0.025150 
0.025159 
0.025168 
0.025176 
0.025185 
0.025194 
0.025203 
0.025212 
0.025221 
0.025230 
0.025239 
0.025248 
0.025257 
0.025266 
0.025275 
0.025284 
0.025293 
0.025302 
0.025311 
0.025320 
0.025329 
0.025337 
0.025346 
0.025355 
0.025364 
0.025373 
0.025382 
0.025391 
0.025400 
0.025409 
0.025418 
0.025427 
0.025436 
0.025445 
0.025454 
0.025463 
0.025472 
0.025481 
0.025490 
0.025498 
0.025507 
0.025516 
0.025525 
0.025534 
0.025543 
0.025552 
0.025561 
0.025570 
0.025579 
0.025588 
0.025597 
0.025606 
0.025615 
0.025624 
0.025633 
0.025642 
0.025651 
0.025659 
0.025668 
0.025677 
0.025686 
0.025695 
0.025704 
0.025713 
0.025722 
0.025731 
0.025740 
0.025749 
0.025758 
0.025767 
0.025776 
0.025785 
0.025794 
0.025803 
0.025812 
0.025820 
0.025829 
0.025838 
0.025847 
0.025856 
0.025865 
0.025874 
0.025883 
0.025892 
0.025901 
0.025910 
0.025919 
0.025928 
0.025937 
0.025946 
0.025955 
0.025964 
0.025973 
0.025981 
0.025990 
0.025999 
0.026008 
0.026017 
0.026026 
0.026035 
0.026044 
0.026053 
0.026062 
0.026071 
0.026080 
0.026089 
0.026098 
0.026107 
0.026116 
0.026125 
0.026134 
0.026142 
0.026151 
0.026160 
0.026169 
0.026178 
0.026187 
0.026196 
0.026205 
0.026214 
0.026223 
0.026232 
0.026241 
0.026250 
0.026259 
0.026268 
0.026277 
0.026286 
0.026295 
0.026303 
0.026312 
0.026321 
0.026330 
0.026339 
0.026348 
0.026357 
0.026366 
0.026375 
0.026384 
0.026393 
0.026402 
0.026411 
0.026420 
0.026429 
0.026438 
0.026447 
0.026456 
0.026464 
0.026473 
0.026482 
0.026491 
0.026500 
0.026509 
0.026518 
0.026527 
0.026536 
0.026545 
0.026554 
0.026563 
0.026572 
0.026581 
0.026590 
0.026599 
0.026608 
0.026616 
0.026625 
0.026634 
0.026643 
0.026652 
0.026661 
0.026670 
0.026679 
0.026688 
0.026697 
0.026706 
0.026715 
0.026724 
0.026733 
0.026742 
0.026751 
0.026760 
0.026769 
0.026777 
0.026786 
0.026795 
0.026804 
0.026813 
0.026822 
0.026831 
0.026840 
0.026849 
0.026858 
0.026867 
0.026876 
0.026885 
0.026894 
0.026903 
0.026912 
0.026921 
0.026930 
0.026938 
0.026947 
0.026956 
0.026965 
0.026974 
0.026983 
0.026992 
0.027001 
0.027010 
0.027019 
0.027028 
0.027037 
0.027046 
0.027055 
0.027064 
0.027073 
0.027082 
0.027091 
0.027099 
0.027108 
0.027117 
0.027126 
0.027135 
0.027144 
0.027153 
0.027162 
0.027171 
0.027180 
0.027189 
0.027198 
0.027207 
0.027216 
0.027225 
0.027234 
0.027243 
0.027252 
0.027260 
0.027269 
0.027278 
0.027287 
0.027296 
0.027305 
0.027314 
0.027323 
0.027332 
0.027341 
0.027350 
0.027359 
0.027368 
0.027377 
0.027386 
0.027395 
0.027404 
0.027413 
0.027421 
0.027430 
0.027439 
0.027448 
0.027457 
0.027466 
0.027475 
0.027484 
0.027493 
0.027502 
0.027511 
0.027520 
0.027529 
0.027538 
0.027547 
0.027556 
0.027565 
0.027574 
0.027582 
0.027591 
0.027600 
0.027609 
0.027618 
0.027627 
0.027636 
0.027645 
0.027654 
0.027663 
0.027672 
0.027681 
0.027690 
0.027699 
0.027708 
0.027717 
0.027726 
0.027735 
0.027743 
0.027752 
0.027761 
0.027770 
0.027779 
0.027788 
0.027797 
0.027806 
0.027815 
0.027824 
0.027833 
0.027842 
0.027851 
0.027860 
0.027869 
0.027878 
0.027887 
0.027896 
0.027904 
0.027913 
0.027922 
0.027931 
0.027940 
0.027949 
0.027958 
0.027967 
0.027976 
0.027985 
0.027994 
0.028003 
0.028012 
0.028021 
0.028030 
0.028039 
0.028048 
0.028057 
0.028065 
0.028074 
0.028083 
0.028092 
0.028101 
0.028110 
0.028119 
0.028128 
0.028137 
0.028146 
0.028155 
0.028164 
0.028173 
0.028182 
0.028191 
0.028200 
0.028209 
0.028218 
0.028226 
0.028235 
0.028244 
0.028253 
0.028262 
0.028271 
0.028280 
0.028289 
0.028298 
0.028307 
0.028316 
0.028325 
0.028334 
0.028343 
0.028352 
0.028361 
0.028370 
0.028379 
0.028387 
0.028396 
0.028405 
0.028414 
0.028423 
0.028432 
0.028441 
0.028450 
0.028459 
0.028468 
0.028477 
0.028486 
0.028495 
0.028504 
0.028513 
0.028522 
0.028531 
0.028540 
0.028548 
0.028557 
0.028566 
0.028575 
0.028584 
0.028593 
0.028602 
0.028611 
0.028620 
0.028629 
0.028638 
0.028647 
0.028656 
0.028665 
0.028674 
0.028683 
0.028692 
0.028701 
0.028709 
0.028718 
0.028727 
0.028736 
0.028745 
0.028754 
0.028763 
0.028772 
0.028781 
0.028789 
0.028798 
0.028807 
0.028816 
0.028824 
0.028833 
0.028842 
0.028850 
0.028859 
0.028867 
0.028876 
0.028884 
0.028892 
0.028901 
0.028909 
0.028917 
0.028926 
0.028934 
0.028942 
0.028950 
0.028958 
0.028967 
0.028975 
0.028983 
0.028991 
0.028999 
0.029007 
0.029015 
0.029022 
0.029030 
0.029038 
0.029046 
0.029054 
0.029061 
0.029069 
0.029077 
0.029084 
0.029092 
0.029100 
0.029107 
0.029115 
0.029122 
0.029130 
0.029137 
0.029144 
0.029152 
0.029159 
0.029166 
0.029173 
0.029181 
0.029188 
0.029195 
0.029202 
0.029209 
0.029216 
0.029223 
0.029230 
0.029237 
0.029244 
0.029251 
0.029258 
0.029265 
0.029272 
0.029278 
0.029285 
0.029292 
0.029298 
0.029305 
0.029312 
0.029318 
0.029325 
0.029331 
0.029338 
0.029344 
0.029351 
0.029357 
0.029363 
0.029370 
0.029376 
0.029382 
0.029389 
0.029395 
0.029401 
0.029407 
0.029413 
0.029419 
0.029425 
0.029431 
0.029437 
0.029443 
0.029449 
0.029455 
0.029461 
0.029467 
0.029472 
0.029478 
0.029484 
0.029489 
0.029495 
0.029501 
0.029506 
0.029512 
0.029517 
0.029523 
0.029528 
0.029534 
0.029539 
0.029544 
0.029550 
0.029555 
0.029560 
0.029566 
0.029571 
0.029576 
0.029581 
0.029586 
0.029591 
0.029596 
0.029601 
0.029606 
0.029611 
0.029616 
0.029621 
0.029626 
0.029631 
0.029636 
0.029640 
0.029645 
0.029650 
0.029654 
0.029659 
0.029664 
0.029668 
0.029673 
0.029677 
0.029682 
0.029686 
0.029690 
0.029695 
0.029699 
0.029703 
0.029708 
0.029712 
0.029716 
0.029720 
0.029724 
0.029729 
0.029733 
0.029737 
0.029741 
0.029745 
0.029749 
0.029753 
0.029756 
0.029760 
0.029764 
0.029768 
0.029772 
0.029775 
0.029779 
0.029783 
0.029786 
0.029790 
0.029794 
0.029797 
0.029801 
0.029804 
0.029808 
0.029811 
0.029814 
0.029818 
0.029821 
0.029824 
0.029828 
0.029831 
0.029834 
0.029837 
0.029840 
0.029843 
0.029846 
0.029849 
0.029852 
0.029855 
0.029858 
0.029861 
0.029864 
0.029867 
0.029870 
0.029872 
0.029875 
0.029878 
0.029881 
0.029883 
0.029886 
0.029888 
0.029891 
0.029893 
0.029896 
0.029898 
0.029901 
0.029903 
0.029905 
0.029908 
0.029910 
0.029912 
0.029915 
0.029917 
0.029919 
0.029921 
0.029923 
0.029925 
0.029927 
0.029929 
0.029931 
0.029933 
0.029935 
0.029937 
0.029939 
0.029941 
0.029942 
0.029944 
0.029946 
0.029947 
0.029949 
0.029951 
0.029952 
0.029954 
0.029955 
0.029957 
0.029958 
0.029960 
0.029961 
0.029963 
0.029964 
0.029965 
0.029966 
0.029968 
0.029969 
0.029970 
0.029971 
0.029972 
0.029973 
0.029974 
0.029975 
0.029976 
0.029977 
0.029978 
0.029979 
0.029980 
0.029981 
0.029982 
0.029982 
0.029983 
0.029984 
0.029984 
0.029985 
0.029986 
0.029986 
0.029987 
0.029987 
0.029988 
0.029988 
0.029988 
0.029989 
0.029989 
0.029989 
0.029990 
0.029990 
0.029990 
0.029990 
0.029991 
0.029991 
0.029991 
0.029991 
0.029991 
0.029991 
0.029991 
0.029991 
0.029990 
0.029990 
0.029990 
0.029989 
0.029989 
0.029988 
0.029987 
0.029986 
0.029985 
0.029985 
0.029983 
0.029982 
0.029981 
0.029980 
0.029979 
0.029977 
0.029976 
0.029974 
0.029972 
0.029971 
0.029969 
0.029967 
0.029965 
0.029963 
0.029961 
0.029958 
0.029956 
0.029954 
0.029951 
0.029949 
0.029946 
0.029943 
0.029940 
0.029937 
0.029935 
0.029931 
0.029928 
0.029925 
0.029922 
0.029919 
0.029915 
0.029912 
0.029908 
0.029904 
0.029901 
0.029897 
0.029893 
0.029889 
0.029885 
0.029881 
0.029876 
0.029872 
0.029868 
0.029863 
0.029859 
0.029854 
0.029849 
0.029844 
0.029839 
0.029835 
0.029829 
0.029824 
0.029819 
0.029814 
0.029809 
0.029803 
0.029798 
0.029792 
0.029786 
0.029781 
0.029775 
0.029769 
0.029763 
0.029757 
0.029751 
0.029744 
0.029738 
0.029732 
0.029725 
0.029719 
0.029712 
0.029705 
0.029698 
0.029691 
0.029685 
0.029677 
0.029670 
0.029663 
0.029656 
0.029649 
0.029641 
0.029634 
0.029626 
0.029618 
0.029611 
0.029603 
0.029595 
0.029587 
0.029579 
0.029571 
0.029562 
0.029554 
0.029546 
0.029537 
0.029529 
0.029520 
0.029511 
0.029502 
0.029493 
0.029485 
0.029475 
0.029466 
0.029457 
0.029448 
0.029439 
0.029429 
0.029420 
0.029410 
0.029400 
0.029391 
0.029381 
0.029371 
0.029361 
0.029351 
0.029341 
0.029330 
0.029320 
0.029310 
0.029299 
0.029289 
0.029278 
0.029267 
0.029256 
0.029245 
0.029235 
0.029223 
0.029212 
0.029201 
0.029190 
0.029179 
0.029167 
0.029156 
0.029144 
0.029132 
0.029121 
0.029109 
0.029097 
0.029085 
0.029073 
0.029061 
0.029048 
0.029036 
0.029024 
0.029011 
0.028999 
0.028986 
0.028973 
0.028960 
0.028947 
0.028935 
0.028921 
0.028908 
0.028895 
0.028882 
0.028869 
0.028855 
0.028842 
0.028828 
0.028814 
0.028801 
0.028787 
0.028773 
0.028759 
0.028745 
0.028731 
0.028716 
0.028702 
0.028688 
0.028673 
0.028659 
0.028644 
0.028629 
0.028614 
0.028599 
0.028585 
0.028569 
0.028554 
0.028539 
0.028524 
0.028509 
0.028493 
0.028478 
0.028462 
0.028446 
0.028431 
0.028415 
0.028399 
0.028383 
0.028367 
0.028351 
0.028334 
0.028318 
0.028302 
0.028285 
0.028269 
0.028252 
0.028235 
0.028218 
0.028201 
0.028185 
0.028167 
0.028150 
0.028133 
0.028116 
0.028099 
0.028081 
0.028064 
0.028046 
0.028028 
0.028011 
0.027993 
0.027975 
0.027957 
0.027939 
0.027921 
0.027902 
0.027884 
0.027866 
0.027847 
0.027829 
0.027810 
0.027791 
0.027772 
0.027753 
0.027735 
0.027715 
0.027696 
0.027677 
0.027658 
0.027639 
0.027619 
0.027600 
0.027580 
0.027560 
0.027541 
0.027521 
0.027501 
0.027481 
0.027461 
0.027441 
0.027421 
0.027401 
0.027381 
0.027361 
0.027341 
0.027321 
0.027301 
0.027281 
0.027261 
0.027241 
0.027221 
0.027201 
0.027181 
0.027161 
0.027141 
0.027121 
0.027101 
0.027081 
0.027061 
0.027041 
0.027021 
0.027001 
0.026981 
0.026961 
0.026941 
0.026921 
0.026901 
0.026881 
0.026861 
0.026841 
0.026821 
0.026801 
0.026781 
0.026761 
0.026741 
0.026721 
0.026701 
0.026681 
0.026661 
0.026641 
0.026621 
0.026601 
0.026581 
0.026561 
0.026541 
0.026521 
0.026501 
0.026481 
0.026461 
0.026441 
0.026421 
0.026401 
0.026381 
0.026361 
0.026341 
0.026321 
0.026301 
0.026281 
0.026261 
0.026241 
0.026221 
0.026201 
0.026181 
0.026161 
0.026141 
0.026121 
0.026101 
0.026081 
0.026061 
0.026041 
0.026021 
0.026001 
0.025981 
0.025961 
0.025941 
0.025921 
0.025901 
0.025881 
0.025861 
0.025841 
0.025821 
0.025801 
0.025781 
0.025761 
0.025741 
0.025721 
0.025701 
0.025681 
0.025661 
0.025641 
0.025621 
0.025601 
0.025581 
0.025561 
0.025541 
0.025521 
0.025501 
0.025481 
0.025461 
0.025441 
0.025421 
0.025401 
0.025381 
0.025361 
0.025341 
0.025321 
0.025301 
0.025281 
0.025261 
0.025241 
0.025221 
0.025201 
0.025181 
0.025161 
0.025141 
0.025121 
0.025101 
0.025081 
0.025061 
0.025041 
0.025021 
0.025001 
0.024981 
0.024961 
0.024941 
0.024921 
0.024901 
0.024881 
0.024861 
0.024841 
0.024821 
0.024801 
0.024781 
0.024761 
0.024741 
0.024721 
0.024701 
0.024681 
0.024661 
0.024641 
0.024621 
0.024601 
0.024581 
0.024561 
0.024541 
0.024521 
0.024501 
0.024481 
0.024461 
0.024441 
0.024421 
0.024401 
0.024381 
0.024361 
0.024341 
0.024321 
0.024301 
0.024281 
0.024261 
0.024241 
0.024221 
0.024201 
0.024181 
0.024161 
0.024141 
0.024121 
0.024101 
0.024081 
0.024061 
0.024041 
0.024021 
0.024001 
0.023981 
0.023961 
0.023941 
0.023921 
0.023901 
0.023881 
0.023861 
0.023841 
0.023821 
0.023801 
0.023781 
0.023761 
0.023741 
0.023721 
0.023701 
0.023681 
0.023661 
0.023641 
0.023621 
0.023601 
0.023581 
0.023561 
0.023541 
0.023521 
0.023501 
0.023481 
0.023461 
0.023441 
0.023421 
0.023401 
0.023381 
0.023361 
0.023341 
0.023321 
0.023301 
0.023281 
0.023261 
0.023241 
0.023221 
0.023201 
0.023181 
0.023161 
0.023141 
0.023121 
0.023101 
0.023081 
0.023061 
0.023041 
0.023021 
0.023001 
0.022981 
0.022961 
0.022941 
0.022921 
0.022901 
0.022881 
0.022861 
0.022841 
0.022821 
0.022801 
0.022781 
0.022761 
0.022741 
0.022721 
0.022701 
0.022681 
0.022661 
0.022641 
0.022621 
0.022601 
0.022581 
0.022561 
0.022541 
0.022521 
0.022501 
0.022481 
0.022461 
0.022441 
0.022421 
0.022401 
0.022381 
0.022361 
0.022341 
0.022321 
0.022301 
0.022281 
0.022261 
0.022241 
0.022221 
0.022201 
0.022181 
0.022161 
0.022141 
0.022121 
0.022101 
0.022081 
0.022061 
0.022041 
0.022021 
0.022001 
0.021981 
0.021961 
0.021941 
0.021921 
0.021901 
0.021881 
0.021861 
0.021841 
0.021821 
0.021801 
0.021781 
0.021761 
0.021741 
0.021721 
0.021701 
0.021681 
0.021661 
0.021641 
0.021621 
0.021601 
0.021581 
0.021561 
0.021541 
0.021521 
0.021501 
0.021481 
0.021461 
0.021441 
0.021421 
0.021401 
0.021381 
0.021361 
0.021341 
0.021321 
0.021301 
0.021281 
0.021261 
0.021241 
0.021221 
0.021201 
0.021181 
0.021161 
0.021141 
0.021121 
0.021101 
0.021081 
0.021061 
0.021041 
0.021021 
0.021001 
0.020981 
0.020961 
0.020941 
0.020921 
0.020901 
0.020881 
0.020861 
0.020841 
0.020821 
0.020801 
0.020781 
0.020761 
0.020741 
0.020721 
0.020701 
0.020681 
0.020661 
0.020641 
0.020621 
0.020601 
0.020581 
0.020561 
0.020541 
0.020521 
0.020501 
0.020481 
0.020461 
0.020441 
0.020421 
0.020401 
0.020381 
0.020361 
0.020341 
0.020321 
0.020301 
0.020281 
0.020261 
0.020241 
0.020221 
0.020201 
0.020181 
0.020161 
0.020141 
0.020121 
0.020101 
0.020081 
0.020061 
0.020041 
0.020021 
0.020001 
0.019981 
0.019961 
0.019941 
0.019921 
0.019901 
0.019881 
0.019861 
0.019841 
0.019821 
0.019801 
0.019781 
0.019761 
0.019741 
0.019721 
0.019701 
0.019681 
0.019661 
0.019641 
0.019621 
0.019601 
0.019581 
0.019561 
0.019541 
0.019521 
0.019501 
0.019481 
0.019461 
0.019441 
0.019421 
0.019401 
0.019381 
0.019361 
0.019341 
0.019321 
0.019301 
0.019281 
0.019261 
0.019241 
0.019221 
0.019201 
0.019181 
0.019161 
0.019141 
0.019121 
0.019101 
0.019081 
0.019061 
0.019041 
0.019021 
0.019001 
0.018981 
0.018961 
0.018941 
0.018921 
0.018901 
0.018881 
0.018861 
0.018841 
0.018821 
0.018801 
0.018781 
0.018761 
0.018741 
0.018721 
0.018701 
0.018681 
0.018661 
0.018641 
0.018621 
0.018601 
0.018581 
0.018561 
0.018541 
0.018521 
0.018501 
0.018481 
0.018461 
0.018441 
0.018421 
0.018401 
0.018381 
0.018361 
0.018341 
0.018321 
0.018301 
0.018281 
0.018261 
0.018241 
0.018221 
0.018201 
0.018181 
0.018161 
0.018141 
0.018121 
0.018101 
0.018081 
0.018061 
0.018041 
0.018021 
0.018001 
0.017981 
0.017961 
0.017941 
0.017921 
0.017901 
0.017881 
0.017861 
0.017841 
0.017821 
0.017801 
0.017781 
0.017761 
0.017741 
0.017721 
0.017701 
0.017681 
0.017661 
0.017641 
0.017621 
0.017601 
0.017581 
0.017561 
0.017541 
0.017521 
0.017501 
0.017481 
0.017461 
0.017441 
0.017421 
0.017401 
0.017381 
0.017361 
0.017341 
0.017321 
0.017301 
0.017281 
0.017261 
0.017241 
0.017221 
0.017201 
0.017181 
0.017161 
0.017141 
0.017121 
0.017101 
0.017081 
0.017061 
0.017041 
0.017021 
0.017001 
0.016981 
0.016961 
0.016941 
0.016921 
0.016901 
0.016881 
0.016861 
0.016841 
0.016821 
0.016801 
0.016781 
0.016761 
0.016741 
0.016721 
0.016701 
0.016681 
0.016661 
0.016641 
0.016621 
0.016601 
0.016581 
0.016561 
0.016541 
0.016521 
0.016501 
0.016481 
0.016461 
0.016441 
0.016421 
0.016401 
0.016381 
0.016361 
0.016341 
0.016321 
0.016301 
0.016281 
0.016261 
0.016241 
0.016221 
0.016201 
0.016181 
0.016161 
0.016141 
0.016121 
0.016101 
0.016081 
0.016061 
0.016041 
0.016021 
0.016001 
0.015981 
0.015961 
0.015941 
0.015921 
0.015901 
0.015881 
0.015861 
0.015841 
0.015821 
0.015801 
0.015781 
0.015761 
0.015741 
0.015721 
0.015701 
0.015681 
0.015661 
0.015641 
0.015621 
0.015601 
0.015581 
0.015561 
0.015541 
0.015521 
0.015501 
0.015481 
0.015461 
0.015441 
0.015421 
0.015401 
0.015381 
0.015361 
0.015341 
0.015321 
0.015301 
0.015281 
0.015261 
0.015241 
0.015221 
0.015201 
0.015181 
0.015161 
0.015141 
0.015121 
0.015101 
0.015081 
0.015061 
0.015041 
0.015021 
0.015001 
0.014981 
0.014961 
0.014941 
0.014921 
0.014901 
0.014881 
0.014861 
0.014841 
0.014821 
0.014801 
0.014781 
0.014761 
0.014741 
0.014721 
0.014701 
0.014681 
0.014661 
0.014641 
0.014621 
0.014601 
0.014581 
0.014561 
0.014541 
0.014521 
0.014501 
0.014481 
0.014461 
0.014441 
0.014421 
0.014401 
0.014381 
0.014361 
0.014341 
0.014321 
0.014301 
0.014281 
0.014261 
0.014241 
0.014221 
0.014201 
0.014181 
0.014161 
0.014141 
0.014121 
0.014101 
0.014081 
0.014061 
0.014041 
0.014021 
0.014001 
0.013981 
0.013961 
0.013941 
0.013921 
0.013901 
0.013881 
0.013861 
0.013841 
0.013821 
0.013801 
0.013781 
0.013761 
0.013741 
0.013721 
0.013701 
0.013681 
0.013661 
0.013641 
0.013621 
0.013601 
0.013581 
0.013561 
0.013541 
0.013521 
0.013501 
0.013481 
0.013461 
0.013441 
0.013421 
0.013401 
0.013381 
0.013361 
0.013341 
0.013321 
0.013301 
0.013281 
0.013261 
0.013241 
0.013221 
0.013201 
0.013181 
0.013161 
0.013141 
0.013121 
0.013101 
0.013081 
0.013061 
0.013041 
0.013021 
0.013001 
0.012981 
0.012961 
0.012941 
0.012921 
0.012901 
0.012881 
0.012861 
0.012841 
0.012821 
0.012801 
0.012781 
0.012761 
0.012741 
0.012721 
0.012701 
0.012681 
0.012661 
0.012641 
0.012621 
0.012601 
0.012581 
0.012561 
0.012541 
0.012521 
0.012501 
0.012481 
0.012461 
0.012441 
0.012421 
0.012402 
0.012382 
0.012362 
0.012343 
0.012324 
0.012304 
0.012285 
0.012266 
0.012247 
0.012228 
0.012209 
0.012190 
0.012172 
0.012153 
0.012134 
0.012116 
0.012098 
0.012079 
0.012061 
0.012043 
0.012025 
0.012007 
0.011989 
0.011971 
0.011953 
0.011936 
0.011918 
0.011900 
0.011883 
0.011866 
0.011848 
0.011831 
0.011814 
0.011797 
0.011780 
0.011763 
0.011746 
0.011730 
0.011713 
0.011696 
0.011680 
0.011664 
0.011647 
0.011631 
0.011615 
0.011599 
0.011583 
0.011567 
0.011551 
0.011535 
0.011520 
0.011504 
0.011488 
0.011473 
0.011458 
0.011442 
0.011427 
0.011412 
0.011397 
0.011382 
0.011367 
0.011352 
0.011338 
0.011323 
0.011308 
0.011294 
0.011280 
0.011265 
0.011251 
0.011237 
0.011223 
0.011209 
0.011195 
0.011181 
0.011167 
0.011154 
0.011140 
0.011126 
0.011113 
0.011100 
0.011086 
0.011073 
0.011060 
0.011047 
0.011034 
0.011021 
0.011008 
0.010996 
0.010983 
0.010970 
0.010958 
0.010946 
0.010933 
0.010921 
0.010909 
0.010897 
0.010885 
0.010873 
0.010861 
0.010849 
0.010838 
0.010826 
0.010814 
0.010803 
0.010792 
0.010780 
0.010769 
0.010758 
0.010747 
0.010736 
0.010725 
0.010714 
0.010704 
0.010693 
0.010682 
0.010672 
0.010662 
0.010651 
0.010641 
0.010631 
0.010621 
0.010611 
0.010601 
0.010591 
0.010581 
0.010572 
0.010562 
0.010552 
0.010543 
0.010534 
0.010524 
0.010515 
0.010506 
0.010497 
0.010488 
0.010479 
0.010470 
0.010462 
0.010453 
0.010444 
0.010436 
0.010428 
0.010419 
0.010411 
0.010403 
0.010395 
0.010387 
0.010379 
0.010371 
0.010363 
0.010356 
0.010348 
0.010340 
0.010333 
0.010326 
0.010318 
0.010311 
0.010304 
0.010297 
0.010290 
0.010283 
0.010276 
0.010270 
0.010263 
0.010256 
0.010250 
0.010244 
0.010237 
0.010231 
0.010225 
0.010219 
0.010213 
0.010207 
0.010201 
0.010195 
0.010190 
0.010184 
0.010178 
0.010173 
0.010168 
0.010162 
0.010157 
0.010152 
0.010147 
0.010142 
0.010137 
0.010132 
0.010128 
0.010123 
0.010118 
0.010114 
0.010110 
0.010105 
0.010101 
0.010097 
0.010093 
0.010089 
0.010085 
0.010081 
0.010077 
0.010074 
0.010070 
0.010066 
0.010063 
0.010060 
0.010056 
0.010053 
0.010050 
0.010047 
0.010044 
0.010041 
0.010038 
0.010036 
0.010033 
0.010030 
0.010028 
0.010026 
0.010023 
0.010021 
0.010019 
0.010017 
0.010015 
0.010013 
0.010011 
0.010009 
0.010008 
0.010006 
0.010004 
0.010003 
0.010002 
0.010000 
0.009999 
0.009998 
0.009997 
0.009996 
0.009995 
0.009994 
0.009994 
0.009993 
0.009992 
0.009992 
0.009992 
0.009991 
0.009991 
0.009991 
0.009991 
0.009991 
0.009991 
0.009991 
0.009991 
0.009991 
0.009991 
0.009991 
0.009991 
0.009991 
0.009991 
0.009991 
0.009991 
0.009991 
0.009991 
0.009991 
0.009991 
0.009991 
0.009991 
0.009991 
0.009991 
0.009991 
0.009991 
0.009991 
0.009991 
0.009991 
0.009991 
0.009991 
0.009991 
0.009991 
0.009991 
0.009991 
0.009991 
0.009991 
0.009991 
0.009991 
0.009991 
0.009991 
0.009991 
0.009991 
0.009991 
0.009991 
0.009991 
0.009991 
0.009991 
0.009991 
0.009991 
0.009991 
0.009991 
0.009991 
0.009991 
0.009991 
0.009991 
0.009991 
0.009991 
0.009991 
0.009991 
0.009991 
0.009991 
0.009991 
0.009991 
0.009991 
0.009991 
0.009991 
0.009991 
0.009991 
0.009991 
0.009991 
0.009991 
0.009991 
0.009991 
0.009991 
0.009991 
0.009991 
0.009991 
0.009991 
0.009991 
0.009991 
0.009991 
0.009991 
0.009991 
0.009991 
0.009991 
0.009991 
0.009991 
0.009991 
0.009991 
0.009991 
0.009991 
0.009991 
0.009991 
0.009991 
0.009991 
0.009991 
0.009991 
0.009991 
0.009991 
0.009991 
0.009991 
0.009991 
0.009991 
0.009991 
0.009991 
0.009991 
0.009991 
0.009991 
0.009991 
0.009991 
0.009991 
0.009991 
0.009991 
0.009991 
0.009991 
0.009991 
0.009991 
0.009991 
0.009991 
0.009991 
0.009991 
0.009991 
0.009991 
0.009991 
0.009991 
0.009991 
0.009991 
0.009991 
0.009991 
0.009991 
0.009991 
0.009991 
0.009991 
0.009991 
0.009991 
0.009991 
0.009991 
0.009991 
0.009991 
0.009991 
0.009991 
0.009991 
0.009991 
0.009991 
0.009991 
0.009991 
0.009991 
0.009991 
0.009991 
0.009991 
0.009991 
0.009991 
0.009991 
0.009991 
0.009991 
0.009991 
0.009991 
0.009991 
0.009991 
0.009991 
0.009991 
0.009991 
0.009991 
0.009991 
0.009991 
0.009991 
0.009991 
0.009991 
0.009991 
0.009991 
0.009991 
0.009991 
0.009991 
0.009991 
0.009991 
0.009991 
0.009991 
0.009991 
0.009991 
0.009991 
0.009991 
0.009991 
0.009991 
0.009991 
0.009991 
0.009991 
0.009991 
0.009991 
0.009991 
0.009991 
0.009991 
0.009991 
0.009991 
0.009991 
0.009991 
0.009991 
0.009991 
0.009991 
0.009991 
0.009991 
0.009991 
0.009991 
0.009991 
0.009991 
0.009991 
0.009991 
0.009991 
0.009991 
0.009991 
0.009991 
0.009991 
0.009991 
0.009991 
0.009991 
0.009991 
0.009991 
0.009991 
0.009991 
0.009991 
0.009991 
0.009991 
0.009991 
0.009991 
0.009991 
0.009991 
0.009991 
0.009991 
0.009991 
0.009991 
0.009991 
0.009991 
0.009991 
0.009991 
0.009991 
0.009991 
0.009991 
0.009991 
0.009991 
0.009991 
0.009991 
0.009991 
0.009991 
0.009991 
0.009991 
0.009991 
0.009991 
0.009991 
0.009991 
0.009991 
0.009991 
0.009991 
0.009991 
0.009991 
0.009991 
0.009991 
0.009991 
0.009991 
0.009991 
0.009991 
0.009991 
0.009991 
0.009991 
0.009991 
0.009991 
0.009991 
0.009991 
0.009991 
0.009991 
0.009991 
0.009991 
0.009991 
0.009991 
0.009991 
0.009991 
0.009991 
0.009991 
0.009991 
0.009991 
0.009991 
0.009991 
0.009991 
0.009991 
0.009991 
0.009991 
0.009991 
0.009991 
0.009991 
0.009991 
0.009991 
0.009991 
0.009991 
0.009991 
0.009991 
0.009991 
0.009991 
0.009991 
0.009991 
0.009991 
0.009991 
0.009991 
0.009991 
0.009991 
0.009991 
0.009991 
0.009991 
0.009991 
0.009991 
0.009991 
0.009991 
0.009991 
0.009991 
0.009991 
0.009991 
0.009991 
0.009991 
0.009991 
0.009991 
0.009991 
0.009991 
0.009991 
0.009991 
0.009991 
0.009991 
0.009991 
0.009991 
0.009991 
0.009991 
0.009991 
0.009991 
0.009991 
0.009991 
0.009991 
0.009991 
0.009991 
0.009991 
0.009991 
0.009991 
0.009991 
0.009991 
0.009991 
0.009991 
0.009991 
0.009991 
0.009991 
0.009991 
0.009991 
0.009991 
0.009991 
0.009991 
0.009991 
0.009991 
0.009991 
0.009991 
0.009991 
0.009991 
0.009991 
0.009991 
0.009991 
0.009991 
0.009991 
0.009991 
0.009991 
0.009991 
0.009991 
0.009991 
0.009991 
0.009991 
0.009991 
0.009991 
0.009991 
0.009991 
0.009991 
0.009991 
0.009991 
0.009991 
0.009991 
0.009991 
0.009991 
0.009991 
0.009991 
0.009991 
0.009991 
0.009991 
0.009991 
0.009991 
0.009991 
0.009991 
0.009991 
0.009991 
0.009991 
0.009991 
0.009991 
0.009991 
0.009991 
0.009991 
0.009991 
0.009991 
0.009991 
0.009991 
0.009991 
0.009991 
0.009991 
0.009991 
0.009991 
0.009991 
0.009991 
0.009991 
0.009991 
0.009991 
0.009991 
0.009991 
0.009991 
0.009991 
0.009991 
0.009991 
0.009991 
0.009991 
0.009991 
0.009991 
0.009991 
0.009991 
0.009991 
0.009991 
0.009991 
0.009991 
0.009991 
0.009991 
0.009991 
0.009991 
0.009991 
0.009991 
0.009991 
0.009991 
0.009991 
0.009991 
0.009991 
0.009991 
0.009991 
0.009991 
0.009991 
0.009991 
0.009991 
0.009991 
0.009991 
0.009991 
0.009991 
0.009991 
0.009991 
0.009991 
0.009991 
0.009991 
0.009991 
0.009991 
0.009991 
0.009991 
0.009991 
0.009991 
0.009991 
0.009991 
0.009991 
0.009991 
0.009991 
0.009991 
0.009991 
0.009991 
0.009991 
0.009991 
0.009991 
0.009991 
0.009991 
0.009991 
0.009991 
0.009991 
0.009991 
0.009991 
0.009991 
0.009991 
0.009991 
0.009991 
0.009991 
0.009991 
0.009991 
0.009991 
0.009991 
0.009991 
0.009991 
0.009991 
0.009991 
0.009991 
0.009991 
0.009991 
0.009991 
0.009991 
0.009991 
0.009991 
0.009991 
0.009991 
0.009991 
0.009991 
0.009991 
0.009991 
0.009991 
0.009991 
0.009991 
0.009991 
0.009991 
0.009991 
0.009991 
0.009991 
0.009991 
0.009991 
0.009991 
0.009991 
0.009991 
0.009991 
0.009991 
0.009991 
0.009991 
0.009991 
0.009991 
0.009991 
0.009991 
0.009991 
0.009991 
0.009991 
0.009991 
0.009991 
0.009991 
0.009991 
0.009991 
0.009991 
0.009991 
0.009991 
0.009991 
0.009991 
0.009991 
0.009991 
0.009991 
0.009991 
0.009991 
0.009991 
0.009991 
0.009991 
0.009991 
0.009991 
0.009991 
0.009991 
0.009991 
0.009991 
0.009991 
0.009991 
0.009991 
0.009991 
0.009991 
0.009991 
0.009991 
0.009991 
0.009991 
0.009991 
0.009991 
0.009991 
0.009991 
0.009991 
0.009991 
0.009991 
0.009991 
0.009991 
0.009991 
0.009991 
0.009991 
0.009991 
0.009991 
0.009991 
0.009991 
0.009991 
0.009991 
0.009991 
0.009991 
0.009991 
0.009991 
0.009991 
0.009991 
0.009991 
0.009991 
0.009991 
0.009991 
0.009991 
0.009991 
0.009991 
0.009991 
0.009991 
0.009991 
0.009991 
0.009991 
0.009991 
0.009991 
0.009991 
0.009991 
0.009991 
0.009991 
0.009991 
0.009991 
0.009991 
0.009991 
0.009991 
0.009991 
0.009991 
0.009991 
0.009991 
0.009991 
0.009991 
0.009991 
0.009991 
0.009991 
0.009991 
0.009991 
0.009991 
0.009991 
0.009991 
0.009991 
0.009991 
0.009991 
0.009991 
0.009991 
0.009991 
0.009991 
0.009991 
0.009991 
0.009991 
0.009991 
0.009991 
0.009991 
0.009991 
0.009990 
0.009990 
0.009990 
0.009989 
0.009989 
0.009988 
0.009987 
0.009986 
0.009985 
0.009985 
0.009983 
0.009982 
0.009981 
0.009980 
0.009979 
0.009977 
0.009976 
0.009974 
0.009972 
0.009971 
0.009969 
0.009967 
0.009965 
0.009963 
0.009961 
0.009958 
0.009956 
0.009954 
0.009951 
0.009949 
0.009946 
0.009943 
0.009940 
0.009937 
0.009935 
0.009931 
0.009928 
0.009925 
0.009922 
0.009919 
0.009915 
0.009912 
0.009908 
0.009904 
0.009901 
0.009897 
0.009893 
0.009889 
0.009885 
0.009881 
0.009876 
0.009872 
0.009868 
0.009863 
0.009859 
0.009854 
0.009849 
0.009844 
0.009839 
0.009835 
0.009829 
0.009824 
0.009819 
0.009814 
0.009809 
0.009803 
0.009798 
0.009792 
0.009786 
0.009781 
0.009775 
0.009769 
0.009763 
0.009757 
0.009751 
0.009744 
0.009738 
0.009732 
0.009725 
0.009719 
0.009712 
0.009705 
0.009698 
0.009691 
0.009685 
0.009677 
0.009670 
0.009663 
0.009656 
0.009649 
0.009641 
0.009634 
0.009626 
0.009618 
0.009611 
0.009603 
0.009595 
0.009587 
0.009579 
0.009571 
0.009562 
0.009554 
0.009546 
0.009537 
0.009529 
0.009520 
0.009511 
0.009502 
0.009493 
0.009485 
0.009475 
0.009466 
0.009457 
0.009448 
0.009439 
0.009429 
0.009420 
0.009410 
0.009400 
0.009391 
0.009381 
0.009371 
0.009361 
0.009351 
0.009341 
0.009330 
0.009320 
0.009310 
0.009299 
0.009289 
0.009278 
0.009267 
0.009256 
0.009245 
0.009235 
0.009223 
0.009212 
0.009201 
0.009190 
0.009179 
0.009167 
0.009156 
0.009144 
0.009132 
0.009121 
0.009109 
0.009097 
0.009085 
0.009073 
0.009061 
0.009048 
0.009036 
0.009024 
0.009011 
0.008999 
0.008986 
0.008973 
0.008960 
0.008947 
0.008935 
0.008921 
0.008908 
0.008895 
0.008882 
0.008869 
0.008855 
0.008842 
0.008828 
0.008814 
0.008801 
0.008787 
0.008773 
0.008759 
0.008745 
0.008730 
0.008716 
0.008702 
0.008688 
0.008674 
0.008660 
0.008646 
0.008631 
0.008617 
0.008603 
0.008589 
0.008575 
0.008561 
0.008547 
0.008532 
0.008518 
0.008504 
0.008490 
0.008476 
0.008462 
0.008448 
0.008433 
0.008419 
0.008405 
0.008391 
0.008377 
0.008363 
0.008349 
0.008335 
0.008320 
0.008306 
0.008292 
0.008278 
0.008264 
0.008250 
0.008236 
0.008221 
0.008207 
0.008193 
0.008179 
0.008165 
0.008151 
0.008137 
0.008122 
0.008108 
0.008094 
0.008080 
0.008066 
0.008052 
0.008038 
0.008023 
0.008009 
0.007995 
0.007981 
0.007967 
0.007953 
0.007939 
0.007924 
0.007910 
0.007896 
0.007882 
0.007868 
0.007854 
0.007840 
0.007825 
0.007811 
0.007797 
0.007783 
0.007769 
0.007755 
0.007741 
0.007726 
0.007712 
0.007698 
0.007684 
0.007670 
0.007656 
0.007642 
0.007627 
0.007613 
0.007599 
0.007585 
0.007571 
0.007557 
0.007543 
0.007528 
0.007514 
0.007500 
0.007486 
0.007472 
0.007458 
0.007444 
0.007429 
0.007415 
0.007401 
0.007387 
0.007373 
0.007359 
0.007345 
0.007330 
0.007316 
0.007302 
0.007288 
0.007274 
0.007260 
0.007246 
0.007231 
0.007217 
0.007203 
0.007189 
0.007175 
0.007161 
0.007147 
0.007132 
0.007118 
0.007104 
0.007090 
0.007076 
0.007062 
0.007048 
0.007033 
0.007019 
0.007005 
0.006991 
0.006977 
0.006963 
0.006949 
0.006934 
0.006920 
0.006906 
0.006892 
0.006878 
0.006864 
0.006850 
0.006835 
0.006821 
0.006807 
0.006793 
0.006779 
0.006765 
0.006751 
0.006736 
0.006722 
0.006708 
0.006694 
0.006680 
0.006666 
0.006652 
0.006637 
0.006623 
0.006609 
0.006595 
0.006581 
0.006567 
0.006553 
0.006538 
0.006524 
0.006510 
0.006496 
0.006482 
0.006468 
0.006454 
0.006439 
0.006425 
0.006411 
0.006397 
0.006383 
0.006369 
0.006355 
0.006340 
0.006326 
0.006312 
0.006298 
0.006284 
0.006270 
0.006256 
0.006241 
0.006227 
0.006213 
0.006199 
0.006185 
0.006171 
0.006157 
0.006142 
0.006128 
0.006114 
0.006100 
0.006086 
0.006072 
0.006058 
0.006043 
0.006029 
0.006015 
0.006001 
0.005987 
0.005973 
0.005959 
0.005944 
0.005930 
0.005916 
0.005902 
0.005888 
0.005874 
0.005860 
0.005845 
0.005831 
0.005817 
0.005803 
0.005789 
0.005775 
0.005761 
0.005746 
0.005732 
0.005718 
0.005704 
0.005690 
0.005676 
0.005662 
0.005647 
0.005633 
0.005619 
0.005605 
0.005591 
0.005577 
0.005563 
0.005549 
0.005534 
0.005520 
0.005506 
0.005492 
0.005478 
0.005464 
0.005450 
0.005435 
0.005421 
0.005407 
0.005393 
0.005379 
0.005365 
0.005351 
0.005336 
0.005322 
0.005308 
0.005294 
0.005280 
0.005266 
0.005252 
0.005237 
0.005223 
0.005209 
0.005195 
0.005181 
0.005167 
0.005153 
0.005138 
0.005124 
0.005110 
0.005096 
0.005082 
0.005068 
0.005054 
0.005039 
0.005025 
0.005011 
0.004997 
0.004983 
0.004969 
0.004955 
0.004940 
0.004926 
0.004912 
0.004898 
0.004884 
0.004870 
0.004856 
0.004841 
0.004827 
0.004813 
0.004799 
0.004785 
0.004771 
0.004757 
0.004742 
0.004728 
0.004714 
0.004700 
0.004686 
0.004672 
0.004658 
0.004643 
0.004629 
0.004615 
0.004601 
0.004587 
0.004573 
0.004559 
0.004544 
0.004530 
0.004516 
0.004502 
0.004488 
0.004474 
0.004460 
0.004445 
0.004431 
0.004417 
0.004403 
0.004389 
0.004375 
0.004361 
0.004346 
0.004332 
0.004318 
0.004304 
0.004290 
0.004276 
0.004262 
0.004247 
0.004233 
0.004219 
0.004205 
0.004191 
0.004177 
0.004163 
0.004148 
0.004134 
0.004120 
0.004106 
0.004092 
0.004078 
0.004064 
0.004049 
0.004035 
0.004021 
0.004007 
0.003993 
0.003979 
0.003965 
0.003950 
0.003936 
0.003922 
0.003908 
0.003894 
0.003880 
0.003866 
0.003851 
0.003837 
0.003823 
0.003809 
0.003795 
0.003781 
0.003767 
0.003752 
0.003738 
0.003724 
0.003710 
0.003696 
0.003682 
0.003668 
0.003653 
0.003639 
0.003625 
0.003611 
0.003597 
0.003583 
0.003569 
0.003554 
0.003540 
0.003526 
0.003512 
0.003498 
0.003484 
0.003470 
0.003455 
0.003441 
0.003427 
0.003413 
0.003399 
0.003385 
0.003371 
0.003356 
0.003342 
0.003328 
0.003314 
0.003300 
0.003286 
0.003272 
0.003257 
0.003243 
0.003229 
0.003215 
0.003201 
0.003187 
0.003173 
0.003158 
0.003144 
0.003130 
0.003116 
0.003102 
0.003088 
0.003074 
0.003059 
0.003045 
0.003031 
0.003017 
0.003003 
0.002989 
0.002975 
0.002960 
0.002946 
0.002932 
0.002918 
0.002904 
0.002890 
0.002876 
0.002861 
0.002847 
0.002833 
0.002819 
0.002805 
0.002791 
0.002777 
0.002763 
0.002748 
0.002734 
0.002720 
0.002706 
0.002692 
0.002678 
0.002664 
0.002649 
0.002635 
0.002621 
0.002607 
0.002593 
0.002579 
0.002565 
0.002550 
0.002536 
0.002522 
0.002508 
0.002494 
0.002480 
0.002466 
0.002451 
0.002437 
0.002423 
0.002409 
0.002395 
0.002381 
0.002367 
0.002352 
0.002338 
0.002324 
0.002310 
0.002296 
0.002282 
0.002268 
0.002253 
0.002239 
0.002225 
0.002211 
0.002197 
0.002183 
0.002169 
0.002154 
0.002140 
0.002126 
0.002112 
0.002098 
0.002084 
0.002070 
0.002055 
0.002041 
0.002027 
0.002013 
0.001999 
0.001985 
0.001971 
0.001956 
0.001942 
0.001928 
0.001914 
0.001900 
0.001886 
0.001872 
0.001857 
0.001843 
0.001829 
0.001815 
0.001801 
0.001787 
0.001773 
0.001758 
0.001744 
0.001730 
0.001716 
0.001702 
0.001688 
0.001674 
0.001659 
0.001645 
0.001631 
0.001617 
0.001603 
0.001589 
0.001575 
0.001560 
0.001546 
0.001532 
0.001518 
0.001504 
0.001490 
0.001476 
0.001461 
0.001447 
0.001433 
0.001419 
0.001405 
0.001391 
0.001377 
0.001362 
0.001348 
0.001334 
0.001320 
0.001306 
0.001292 
0.001278 
0.001263 
0.001249 
0.001235 
0.001221 
0.001207 
0.001194 
0.001180 
0.001166 
0.001153 
0.001139 
0.001126 
0.001112 
0.001099 
0.001086 
0.001073 
0.001060 
0.001047 
0.001034 
0.001021 
0.001008 
0.000996 
0.000983 
0.000971 
0.000958 
0.000946 
0.000934 
0.000922 
0.000910 
0.000898 
0.000886 
0.000874 
0.000862 
0.000851 
0.000839 
0.000827 
0.000816 
0.000805 
0.000793 
0.000782 
0.000771 
0.000760 
0.000749 
0.000738 
0.000728 
0.000717 
0.000706 
0.000696 
0.000685 
0.000675 
0.000665 
0.000654 
0.000644 
0.000634 
0.000624 
0.000614 
0.000604 
0.000595 
0.000585 
0.000575 
0.000566 
0.000557 
0.000547 
0.000538 
0.000529 
0.000520 
0.000511 
0.000502 
0.000493 
0.000484 
0.000475 
0.000467 
0.000458 
0.000450 
0.000441 
0.000433 
0.000425 
0.000417 
0.000409 
0.000401 
0.000393 
0.000385 
0.000377 
0.000369 
0.000362 
0.000354 
0.000347 
0.000340 
0.000332 
0.000325 
0.000318 
0.000311 
0.000304 
0.000297 
0.000290 
0.000284 
0.000277 
0.000271 
0.000264 
0.000258 
0.000251 
0.000245 
0.000239 
0.000233 
0.000227 
0.000221 
0.000215 
0.000210 
0.000204 
0.000198 
0.000193 
0.000187 
0.000182 
0.000177 
0.000172 
0.000167 
0.000161 
0.000157 
0.000152 
0.000147 
0.000142 
0.000138 
0.000133 
0.000129 
0.000124 
0.000120 
0.000116 
0.000112 
0.000107 
0.000103 
0.000100 
0.000096 
0.000092 
0.000088 
0.000085 
0.000081 
0.000078 
0.000075 
0.000071 
0.000068 
0.000065 
0.000062 
0.000059 
0.000056 
0.000053 
0.000051 
0.000048 
0.000045 
0.000043 
0.000041 
0.000038 
0.000036 
0.000034 
0.000032 
0.000030 
0.000028 
0.000026 
0.000024 
0.000023 
0.000021 
0.000020 
0.000018 
0.000017 
0.000016 
0.000015 
0.000013 
0.000012 
0.000011 
0.000011 
0.000010 
0.000009 
0.000008 
0.000008 
0.000007 
0.000007 
0.000007 
0.000007 
0.000006 
0.000006 
0.000000 
0.000000 
