0.000000 
0.000000 
0.000000 
0.000000 
0.000000 
0.000000 
0.000000 
0.000000 
0.000000 
0.000000 
0.000000 
0.000000 
0.000000 
0.000000 
0.000001 
0.000001 
0.000001 
0.000001 
0.000002 
0.000002 
0.000003 
0.000003 
0.000004 
0.000004 
0.000005 
0.000006 
0.000007 
0.000008 
0.000009 
0.000010 
0.000011 
0.000012 
0.000014 
0.000015 
0.000017 
0.000018 
0.000020 
0.000022 
0.000024 
0.000026 
0.000028 
0.000030 
0.000032 
0.000035 
0.000037 
0.000040 
0.000042 
0.000045 
0.000048 
0.000051 
0.000054 
0.000057 
0.000060 
0.000063 
0.000066 
0.000070 
0.000073 
0.000077 
0.000081 
0.000084 
0.000088 
0.000092 
0.000096 
0.000100 
0.000104 
0.000108 
0.000113 
0.000117 
0.000122 
0.000126 
0.000131 
0.000135 
0.000140 
0.000145 
0.000150 
0.000155 
0.000160 
0.000165 
0.000171 
0.000176 
0.000181 
0.000187 
0.000192 
0.000198 
0.000204 
0.000210 
0.000215 
0.000221 
0.000227 
0.000234 
0.000240 
0.000246 
0.000252 
0.000259 
0.000265 
0.000272 
0.000279 
0.000285 
0.000292 
0.000299 
0.000306 
0.000313 
0.000320 
0.000328 
0.000335 
0.000342 
0.000350 
0.000357 
0.000365 
0.000373 
0.000380 
0.000388 
0.000396 
0.000404 
0.000412 
0.000421 
0.000429 
0.000437 
0.000446 
0.000454 
0.000463 
0.000471 
0.000480 
0.000489 
0.000498 
0.000507 
0.000516 
0.000525 
0.000534 
0.000544 
0.000553 
0.000563 
0.000572 
0.000582 
0.000591 
0.000601 
0.000611 
0.000621 
0.000631 
0.000641 
0.000651 
0.000662 
0.000672 
0.000683 
0.000693 
0.000704 
0.000714 
0.000725 
0.000736 
0.000747 
0.000758 
0.000769 
0.000780 
0.000791 
0.000803 
0.000814 
0.000826 
0.000837 
0.000849 
0.000860 
0.000872 
0.000884 
0.000896 
0.000908 
0.000920 
0.000932 
0.000945 
0.000957 
0.000969 
0.000982 
0.000995 
0.001007 
0.001020 
0.001033 
0.001046 
0.001059 
0.001072 
0.001085 
0.001098 
0.001112 
0.001125 
0.001138 
0.001152 
0.001166 
0.001179 
0.001193 
0.001207 
0.001221 
0.001235 
0.001249 
0.001263 
0.001278 
0.001292 
0.001306 
0.001321 
0.001335 
0.001350 
0.001365 
0.001380 
0.001395 
0.001410 
0.001425 
0.001440 
0.001455 
0.001470 
0.001486 
0.001501 
0.001517 
0.001533 
0.001548 
0.001564 
0.001580 
0.001596 
0.001612 
0.001628 
0.001644 
0.001661 
0.001677 
0.001693 
0.001710 
0.001726 
0.001743 
0.001760 
0.001777 
0.001794 
0.001811 
0.001828 
0.001845 
0.001862 
0.001879 
0.001897 
0.001914 
0.001932 
0.001949 
0.001967 
0.001985 
0.002003 
0.002021 
0.002039 
0.002057 
0.002075 
0.002093 
0.002112 
0.002130 
0.002149 
0.002167 
0.002186 
0.002205 
0.002224 
0.002243 
0.002262 
0.002281 
0.002300 
0.002319 
0.002338 
0.002358 
0.002377 
0.002397 
0.002416 
0.002436 
0.002456 
0.002476 
0.002495 
0.002515 
0.002535 
0.002555 
0.002575 
0.002595 
0.002615 
0.002636 
0.002656 
0.002676 
0.002696 
0.002716 
0.002736 
0.002757 
0.002777 
0.002797 
0.002817 
0.002837 
0.002858 
0.002878 
0.002898 
0.002918 
0.002938 
0.002959 
0.002979 
0.002999 
0.003019 
0.003039 
0.003059 
0.003079 
0.003099 
0.003119 
0.003140 
0.003160 
0.003180 
0.003200 
0.003220 
0.003240 
0.003260 
0.003280 
0.003300 
0.003320 
0.003340 
0.003360 
0.003380 
0.003400 
0.003420 
0.003440 
0.003460 
0.003480 
0.003500 
0.003520 
0.003539 
0.003559 
0.003579 
0.003599 
0.003619 
0.003639 
0.003659 
0.003679 
0.003699 
0.003719 
0.003739 
0.003759 
0.003779 
0.003799 
0.003819 
0.003839 
0.003859 
0.003879 
0.003899 
0.003919 
0.003939 
0.003959 
0.003979 
0.003999 
0.004019 
0.004039 
0.004059 
0.004079 
0.004099 
0.004119 
0.004139 
0.004159 
0.004179 
0.004199 
0.004219 
0.004239 
0.004259 
0.004279 
0.004299 
0.004319 
0.004339 
0.004359 
0.004379 
0.004399 
0.004419 
0.004439 
0.004459 
0.004479 
0.004499 
0.004519 
0.004539 
0.004559 
0.004579 
0.004599 
0.004619 
0.004639 
0.004659 
0.004679 
0.004699 
0.004719 
0.004739 
0.004759 
0.004779 
0.004799 
0.004819 
0.004839 
0.004859 
0.004879 
0.004899 
0.004919 
0.004939 
0.004959 
0.004979 
0.004999 
0.005019 
0.005039 
0.005059 
0.005079 
0.005099 
0.005119 
0.005139 
0.005159 
0.005179 
0.005199 
0.005219 
0.005239 
0.005259 
0.005279 
0.005299 
0.005319 
0.005339 
0.005359 
0.005379 
0.005399 
0.005419 
0.005439 
0.005459 
0.005479 
0.005499 
0.005519 
0.005539 
0.005559 
0.005579 
0.005599 
0.005619 
0.005639 
0.005659 
0.005679 
0.005699 
0.005719 
0.005739 
0.005759 
0.005779 
0.005799 
0.005819 
0.005839 
0.005859 
0.005879 
0.005899 
0.005919 
0.005939 
0.005959 
0.005979 
0.005999 
0.006019 
0.006039 
0.006059 
0.006079 
0.006099 
0.006119 
0.006139 
0.006159 
0.006179 
0.006199 
0.006219 
0.006239 
0.006259 
0.006279 
0.006299 
0.006319 
0.006339 
0.006359 
0.006379 
0.006399 
0.006419 
0.006439 
0.006459 
0.006479 
0.006499 
0.006519 
0.006539 
0.006559 
0.006579 
0.006599 
0.006619 
0.006639 
0.006659 
0.006679 
0.006699 
0.006719 
0.006739 
0.006759 
0.006779 
0.006799 
0.006819 
0.006839 
0.006859 
0.006879 
0.006899 
0.006919 
0.006939 
0.006959 
0.006979 
0.006999 
0.007019 
0.007039 
0.007059 
0.007079 
0.007099 
0.007119 
0.007139 
0.007159 
0.007179 
0.007199 
0.007219 
0.007239 
0.007259 
0.007279 
0.007299 
0.007319 
0.007339 
0.007359 
0.007379 
0.007399 
0.007419 
0.007439 
0.007459 
0.007479 
0.007499 
0.007519 
0.007539 
0.007559 
0.007579 
0.007599 
0.007619 
0.007639 
0.007659 
0.007679 
0.007699 
0.007719 
0.007739 
0.007759 
0.007779 
0.007799 
0.007819 
0.007839 
0.007859 
0.007879 
0.007899 
0.007919 
0.007939 
0.007959 
0.007979 
0.007999 
0.008019 
0.008039 
0.008059 
0.008079 
0.008099 
0.008119 
0.008139 
0.008159 
0.008179 
0.008199 
0.008219 
0.008239 
0.008259 
0.008279 
0.008299 
0.008319 
0.008339 
0.008359 
0.008379 
0.008399 
0.008419 
0.008439 
0.008459 
0.008479 
0.008499 
0.008519 
0.008539 
0.008559 
0.008579 
0.008599 
0.008619 
0.008639 
0.008659 
0.008679 
0.008699 
0.008719 
0.008739 
0.008759 
0.008779 
0.008799 
0.008819 
0.008839 
0.008859 
0.008879 
0.008899 
0.008919 
0.008939 
0.008959 
0.008979 
0.008999 
0.009019 
0.009039 
0.009059 
0.009079 
0.009099 
0.009119 
0.009139 
0.009159 
0.009179 
0.009199 
0.009219 
0.009239 
0.009259 
0.009279 
0.009299 
0.009319 
0.009339 
0.009359 
0.009379 
0.009399 
0.009419 
0.009439 
0.009459 
0.009479 
0.009499 
0.009519 
0.009539 
0.009559 
0.009579 
0.009599 
0.009619 
0.009639 
0.009659 
0.009679 
0.009699 
0.009719 
0.009739 
0.009759 
0.009779 
0.009799 
0.009819 
0.009839 
0.009859 
0.009879 
0.009899 
0.009919 
0.009939 
0.009959 
0.009979 
0.009999 
0.010019 
0.010039 
0.010059 
0.010079 
0.010099 
0.010119 
0.010139 
0.010159 
0.010179 
0.010199 
0.010219 
0.010239 
0.010259 
0.010279 
0.010299 
0.010319 
0.010339 
0.010359 
0.010379 
0.010399 
0.010419 
0.010439 
0.010459 
0.010479 
0.010499 
0.010519 
0.010539 
0.010559 
0.010579 
0.010599 
0.010619 
0.010639 
0.010659 
0.010679 
0.010699 
0.010719 
0.010739 
0.010759 
0.010779 
0.010799 
0.010819 
0.010839 
0.010859 
0.010879 
0.010899 
0.010919 
0.010939 
0.010959 
0.010979 
0.010999 
0.011019 
0.011039 
0.011059 
0.011079 
0.011099 
0.011119 
0.011139 
0.011159 
0.011179 
0.011199 
0.011219 
0.011239 
0.011259 
0.011279 
0.011299 
0.011319 
0.011339 
0.011359 
0.011379 
0.011399 
0.011419 
0.011439 
0.011459 
0.011479 
0.011499 
0.011519 
0.011539 
0.011559 
0.011579 
0.011599 
0.011619 
0.011639 
0.011659 
0.011679 
0.011699 
0.011719 
0.011739 
0.011759 
0.011779 
0.011799 
0.011819 
0.011839 
0.011859 
0.011879 
0.011899 
0.011919 
0.011939 
0.011959 
0.011979 
0.011999 
0.012019 
0.012039 
0.012059 
0.012079 
0.012099 
0.012119 
0.012139 
0.012159 
0.012179 
0.012199 
0.012219 
0.012239 
0.012259 
0.012279 
0.012299 
0.012319 
0.012339 
0.012359 
0.012379 
0.012399 
0.012419 
0.012439 
0.012459 
0.012479 
0.012499 
0.012519 
0.012539 
0.012559 
0.012579 
0.012599 
0.012619 
0.012639 
0.012659 
0.012679 
0.012699 
0.012719 
0.012739 
0.012759 
0.012779 
0.012799 
0.012819 
0.012839 
0.012859 
0.012879 
0.012899 
0.012919 
0.012939 
0.012959 
0.012979 
0.012999 
0.013019 
0.013039 
0.013059 
0.013079 
0.013099 
0.013119 
0.013139 
0.013159 
0.013179 
0.013199 
0.013219 
0.013239 
0.013259 
0.013279 
0.013299 
0.013319 
0.013339 
0.013359 
0.013379 
0.013399 
0.013419 
0.013439 
0.013459 
0.013479 
0.013499 
0.013519 
0.013539 
0.013559 
0.013579 
0.013599 
0.013619 
0.013639 
0.013659 
0.013679 
0.013699 
0.013719 
0.013739 
0.013759 
0.013779 
0.013799 
0.013819 
0.013839 
0.013859 
0.013879 
0.013899 
0.013919 
0.013939 
0.013959 
0.013979 
0.013999 
0.014019 
0.014039 
0.014059 
0.014079 
0.014099 
0.014119 
0.014139 
0.014159 
0.014179 
0.014199 
0.014219 
0.014239 
0.014259 
0.014279 
0.014299 
0.014319 
0.014339 
0.014359 
0.014379 
0.014399 
0.014419 
0.014439 
0.014459 
0.014479 
0.014499 
0.014519 
0.014539 
0.014559 
0.014579 
0.014599 
0.014619 
0.014639 
0.014659 
0.014679 
0.014699 
0.014719 
0.014739 
0.014759 
0.014779 
0.014799 
0.014819 
0.014839 
0.014859 
0.014879 
0.014899 
0.014919 
0.014939 
0.014959 
0.014979 
0.014999 
0.015019 
0.015039 
0.015059 
0.015079 
0.015099 
0.015119 
0.015139 
0.015159 
0.015179 
0.015199 
0.015219 
0.015239 
0.015259 
0.015279 
0.015299 
0.015319 
0.015339 
0.015359 
0.015379 
0.015399 
0.015419 
0.015439 
0.015459 
0.015479 
0.015499 
0.015519 
0.015539 
0.015559 
0.015579 
0.015599 
0.015619 
0.015639 
0.015659 
0.015679 
0.015699 
0.015719 
0.015739 
0.015759 
0.015779 
0.015799 
0.015819 
0.015839 
0.015859 
0.015879 
0.015899 
0.015919 
0.015939 
0.015959 
0.015979 
0.015999 
0.016019 
0.016039 
0.016059 
0.016079 
0.016099 
0.016119 
0.016139 
0.016159 
0.016179 
0.016199 
0.016219 
0.016239 
0.016259 
0.016279 
0.016299 
0.016319 
0.016339 
0.016359 
0.016379 
0.016399 
0.016419 
0.016439 
0.016459 
0.016479 
0.016499 
0.016519 
0.016539 
0.016559 
0.016579 
0.016599 
0.016619 
0.016639 
0.016659 
0.016679 
0.016699 
0.016719 
0.016739 
0.016759 
0.016779 
0.016799 
0.016819 
0.016839 
0.016859 
0.016879 
0.016899 
0.016919 
0.016939 
0.016959 
0.016979 
0.016999 
0.017019 
0.017039 
0.017059 
0.017079 
0.017099 
0.017119 
0.017139 
0.017159 
0.017179 
0.017199 
0.017219 
0.017239 
0.017259 
0.017279 
0.017299 
0.017319 
0.017339 
0.017359 
0.017379 
0.017399 
0.017419 
0.017439 
0.017459 
0.017479 
0.017499 
0.017519 
0.017539 
0.017558 
0.017578 
0.017598 
0.017617 
0.017637 
0.017657 
0.017676 
0.017696 
0.017715 
0.017734 
0.017753 
0.017773 
0.017792 
0.017811 
0.017829 
0.017848 
0.017867 
0.017886 
0.017904 
0.017923 
0.017941 
0.017959 
0.017977 
0.017996 
0.018014 
0.018031 
0.018049 
0.018067 
0.018085 
0.018102 
0.018120 
0.018137 
0.018154 
0.018171 
0.018189 
0.018206 
0.018223 
0.018239 
0.018256 
0.018273 
0.018289 
0.018306 
0.018322 
0.018339 
0.018355 
0.018371 
0.018387 
0.018403 
0.018419 
0.018435 
0.018451 
0.018466 
0.018482 
0.018498 
0.018513 
0.018528 
0.018544 
0.018559 
0.018574 
0.018589 
0.018604 
0.018619 
0.018634 
0.018649 
0.018663 
0.018678 
0.018692 
0.018707 
0.018721 
0.018735 
0.018750 
0.018764 
0.018778 
0.018792 
0.018806 
0.018819 
0.018833 
0.018847 
0.018860 
0.018874 
0.018887 
0.018901 
0.018914 
0.018927 
0.018940 
0.018953 
0.018966 
0.018979 
0.018992 
0.019004 
0.019017 
0.019030 
0.019042 
0.019054 
0.019067 
0.019079 
0.019091 
0.019103 
0.019115 
0.019127 
0.019139 
0.019150 
0.019162 
0.019174 
0.019185 
0.019196 
0.019208 
0.019219 
0.019230 
0.019241 
0.019252 
0.019263 
0.019274 
0.019285 
0.019295 
0.019306 
0.019317 
0.019327 
0.019337 
0.019348 
0.019358 
0.019368 
0.019378 
0.019388 
0.019398 
0.019408 
0.019417 
0.019427 
0.019437 
0.019446 
0.019456 
0.019465 
0.019474 
0.019483 
0.019492 
0.019501 
0.019510 
0.019519 
0.019528 
0.019537 
0.019545 
0.019554 
0.019562 
0.019571 
0.019579 
0.019587 
0.019595 
0.019603 
0.019611 
0.019619 
0.019627 
0.019635 
0.019642 
0.019650 
0.019657 
0.019665 
0.019672 
0.019679 
0.019686 
0.019693 
0.019700 
0.019707 
0.019714 
0.019721 
0.019728 
0.019734 
0.019741 
0.019747 
0.019754 
0.019760 
0.019766 
0.019772 
0.019778 
0.019784 
0.019790 
0.019796 
0.019802 
0.019807 
0.019813 
0.019818 
0.019824 
0.019829 
0.019834 
0.019839 
0.019845 
0.019850 
0.019854 
0.019859 
0.019864 
0.019869 
0.019873 
0.019878 
0.019882 
0.019887 
0.019891 
0.019895 
0.019899 
0.019903 
0.019907 
0.019911 
0.019915 
0.019919 
0.019922 
0.019926 
0.019929 
0.019933 
0.019936 
0.019939 
0.019943 
0.019946 
0.019949 
0.019952 
0.019954 
0.019957 
0.019960 
0.019962 
0.019965 
0.019967 
0.019970 
0.019972 
0.019974 
0.019976 
0.019978 
0.019980 
0.019982 
0.019984 
0.019986 
0.019987 
0.019989 
0.019990 
0.019992 
0.019993 
0.019994 
0.019996 
0.019997 
0.019998 
0.019999 
0.019999 
0.020000 
0.020001 
0.020001 
0.020002 
0.020002 
0.020003 
0.020003 
0.020003 
0.020004 
0.020004 
0.020004 
0.020004 
0.020004 
0.020004 
0.020004 
0.020004 
0.020004 
0.020004 
0.020004 
0.020004 
0.020004 
0.020004 
0.020004 
0.020005 
0.020005 
0.020005 
0.020005 
0.020005 
0.020006 
0.020006 
0.020006 
0.020007 
0.020007 
0.020008 
0.020008 
0.020009 
0.020010 
0.020010 
0.020011 
0.020012 
0.020013 
0.020013 
0.020014 
0.020015 
0.020016 
0.020017 
0.020019 
0.020020 
0.020021 
0.020022 
0.020023 
0.020025 
0.020026 
0.020027 
0.020029 
0.020030 
0.020032 
0.020033 
0.020035 
0.020037 
0.020038 
0.020040 
0.020042 
0.020043 
0.020045 
0.020047 
0.020049 
0.020050 
0.020052 
0.020054 
0.020056 
0.020058 
0.020060 
0.020062 
0.020064 
0.020066 
0.020068 
0.020071 
0.020073 
0.020075 
0.020077 
0.020079 
0.020082 
0.020084 
0.020086 
0.020089 
0.020091 
0.020094 
0.020096 
0.020099 
0.020101 
0.020104 
0.020106 
0.020109 
0.020112 
0.020114 
0.020117 
0.020120 
0.020123 
0.020125 
0.020128 
0.020131 
0.020134 
0.020137 
0.020140 
0.020143 
0.020146 
0.020149 
0.020152 
0.020155 
0.020158 
0.020162 
0.020165 
0.020168 
0.020171 
0.020175 
0.020178 
0.020182 
0.020185 
0.020188 
0.020192 
0.020196 
0.020199 
0.020203 
0.020206 
0.020210 
0.020214 
0.020217 
0.020221 
0.020225 
0.020229 
0.020233 
0.020236 
0.020240 
0.020244 
0.020248 
0.020252 
0.020256 
0.020260 
0.020265 
0.020269 
0.020273 
0.020277 
0.020281 
0.020286 
0.020290 
0.020294 
0.020299 
0.020303 
0.020307 
0.020312 
0.020316 
0.020321 
0.020326 
0.020330 
0.020335 
0.020339 
0.020344 
0.020349 
0.020354 
0.020358 
0.020363 
0.020368 
0.020373 
0.020378 
0.020383 
0.020388 
0.020393 
0.020398 
0.020403 
0.020408 
0.020413 
0.020418 
0.020424 
0.020429 
0.020434 
0.020439 
0.020445 
0.020450 
0.020455 
0.020461 
0.020466 
0.020472 
0.020477 
0.020483 
0.020488 
0.020494 
0.020500 
0.020505 
0.020511 
0.020517 
0.020523 
0.020529 
0.020534 
0.020540 
0.020546 
0.020552 
0.020558 
0.020564 
0.020570 
0.020576 
0.020582 
0.020588 
0.020595 
0.020601 
0.020607 
0.020613 
0.020619 
0.020626 
0.020632 
0.020638 
0.020645 
0.020651 
0.020658 
0.020664 
0.020671 
0.020677 
0.020684 
0.020691 
0.020697 
0.020704 
0.020711 
0.020717 
0.020724 
0.020731 
0.020738 
0.020745 
0.020752 
0.020759 
0.020766 
0.020773 
0.020780 
0.020787 
0.020794 
0.020801 
0.020808 
0.020816 
0.020823 
0.020830 
0.020837 
0.020845 
0.020852 
0.020859 
0.020867 
0.020874 
0.020882 
0.020889 
0.020897 
0.020905 
0.020912 
0.020920 
0.020928 
0.020935 
0.020943 
0.020951 
0.020959 
0.020966 
0.020974 
0.020982 
0.020990 
0.020998 
0.021006 
0.021014 
0.021022 
0.021030 
0.021039 
0.021047 
0.021055 
0.021063 
0.021071 
0.021080 
0.021088 
0.021096 
0.021105 
0.021113 
0.021122 
0.021130 
0.021139 
0.021147 
0.021156 
0.021165 
0.021173 
0.021182 
0.021191 
0.021199 
0.021208 
0.021217 
0.021226 
0.021235 
0.021244 
0.021253 
0.021261 
0.021270 
0.021279 
0.021288 
0.021297 
0.021306 
0.021315 
0.021324 
0.021333 
0.021342 
0.021351 
0.021360 
0.021369 
0.021378 
0.021387 
0.021396 
0.021405 
0.021414 
0.021424 
0.021433 
0.021442 
0.021451 
0.021460 
0.021469 
0.021478 
0.021487 
0.021495 
0.021504 
0.021513 
0.021522 
0.021531 
0.021540 
0.021549 
0.021558 
0.021567 
0.021576 
0.021585 
0.021594 
0.021603 
0.021612 
0.021621 
0.021630 
0.021639 
0.021648 
0.021657 
0.021666 
0.021675 
0.021684 
0.021692 
0.021701 
0.021710 
0.021719 
0.021728 
0.021737 
0.021746 
0.021755 
0.021764 
0.021773 
0.021782 
0.021791 
0.021800 
0.021809 
0.021818 
0.021826 
0.021835 
0.021844 
0.021853 
0.021862 
0.021871 
0.021880 
0.021889 
0.021898 
0.021907 
0.021916 
0.021925 
0.021934 
0.021943 
0.021952 
0.021961 
0.021970 
0.021978 
0.021987 
0.021996 
0.022005 
0.022014 
0.022023 
0.022032 
0.022041 
0.022050 
0.022059 
0.022068 
0.022077 
0.022086 
0.022095 
0.022104 
0.022113 
0.022122 
0.022131 
0.022140 
0.022148 
0.022157 
0.022166 
0.022175 
0.022184 
0.022193 
0.022202 
0.022211 
0.022220 
0.022229 
0.022238 
0.022247 
0.022256 
0.022265 
0.022274 
0.022283 
0.022292 
0.022301 
0.022309 
0.022318 
0.022327 
0.022336 
0.022345 
0.022354 
0.022363 
0.022372 
0.022381 
0.022390 
0.022399 
0.022408 
0.022417 
0.022426 
0.022435 
0.022444 
0.022453 
0.022462 
0.022470 
0.022479 
0.022488 
0.022497 
0.022506 
0.022515 
0.022524 
0.022533 
0.022542 
0.022551 
0.022560 
0.022569 
0.022578 
0.022587 
0.022596 
0.022605 
0.022614 
0.022623 
0.022631 
0.022640 
0.022649 
0.022658 
0.022667 
0.022676 
0.022685 
0.022694 
0.022703 
0.022712 
0.022721 
0.022730 
0.022739 
0.022748 
0.022757 
0.022766 
0.022775 
0.022784 
0.022792 
0.022801 
0.022810 
0.022819 
0.022828 
0.022837 
0.022846 
0.022855 
0.022864 
0.022873 
0.022882 
0.022891 
0.022900 
0.022909 
0.022918 
0.022927 
0.022936 
0.022945 
0.022953 
0.022962 
0.022971 
0.022980 
0.022989 
0.022998 
0.023007 
0.023016 
0.023025 
0.023034 
0.023043 
0.023052 
0.023061 
0.023070 
0.023079 
0.023088 
0.023097 
0.023106 
0.023114 
0.023123 
0.023132 
0.023141 
0.023150 
0.023159 
0.023168 
0.023177 
0.023186 
0.023195 
0.023204 
0.023213 
0.023222 
0.023231 
0.023240 
0.023249 
0.023258 
0.023267 
0.023275 
0.023284 
0.023293 
0.023302 
0.023311 
0.023320 
0.023329 
0.023338 
0.023347 
0.023356 
0.023365 
0.023374 
0.023383 
0.023392 
0.023401 
0.023410 
0.023419 
0.023428 
0.023436 
0.023445 
0.023454 
0.023463 
0.023472 
0.023481 
0.023490 
0.023499 
0.023508 
0.023517 
0.023526 
0.023535 
0.023544 
0.023553 
0.023562 
0.023571 
0.023580 
0.023589 
0.023597 
0.023606 
0.023615 
0.023624 
0.023633 
0.023642 
0.023651 
0.023660 
0.023669 
0.023678 
0.023687 
0.023696 
0.023705 
0.023714 
0.023723 
0.023732 
0.023741 
0.023749 
0.023758 
0.023767 
0.023776 
0.023785 
0.023794 
0.023803 
0.023812 
0.023821 
0.023830 
0.023839 
0.023848 
0.023857 
0.023866 
0.023875 
0.023884 
0.023893 
0.023901 
0.023910 
0.023919 
0.023928 
0.023937 
0.023946 
0.023955 
0.023964 
0.023973 
0.023982 
0.023991 
0.024000 
0.024009 
0.024018 
0.024027 
0.024036 
0.024045 
0.024054 
0.024063 
0.024071 
0.024080 
0.024089 
0.024098 
0.024107 
0.024116 
0.024125 
0.024134 
0.024143 
0.024152 
0.024161 
0.024170 
0.024179 
0.024188 
0.024197 
0.024206 
0.024215 
0.024224 
0.024232 
0.024241 
0.024250 
0.024259 
0.024268 
0.024277 
0.024286 
0.024295 
0.024304 
0.024313 
0.024322 
0.024331 
0.024340 
0.024349 
0.024358 
0.024367 
0.024376 
0.024385 
0.024393 
0.024402 
0.024411 
0.024420 
0.024429 
0.024438 
0.024447 
0.024456 
0.024465 
0.024474 
0.024483 
0.024492 
0.024501 
0.024510 
0.024519 
0.024528 
0.024537 
0.024546 
0.024554 
0.024563 
0.024572 
0.024581 
0.024590 
0.024599 
0.024608 
0.024617 
0.024626 
0.024635 
0.024644 
0.024653 
0.024662 
0.024671 
0.024680 
0.024689 
0.024698 
0.024707 
0.024715 
0.024724 
0.024733 
0.024742 
0.024751 
0.024760 
0.024769 
0.024778 
0.024787 
0.024796 
0.024805 
0.024814 
0.024823 
0.024832 
0.024841 
0.024850 
0.024859 
0.024868 
0.024876 
0.024885 
0.024894 
0.024903 
0.024912 
0.024921 
0.024930 
0.024939 
0.024948 
0.024957 
0.024966 
0.024975 
0.024984 
0.024993 
0.025002 
0.025011 
0.025020 
0.025029 
0.025037 
0.025046 
0.025055 
0.025064 
0.025073 
0.025082 
0.025091 
0.025100 
0.025109 
0.025118 
0.025127 
0.025136 
0.025145 
0.025154 
0.025163 
0.025172 
0.025181 
0.025190 
0.025198 
0.025207 
0.025216 
0.025225 
0.025234 
0.025243 
0.025252 
0.025261 
0.025270 
0.025279 
0.025288 
0.025297 
0.025306 
0.025315 
0.025324 
0.025333 
0.025342 
0.025351 
0.025359 
0.025368 
0.025377 
0.025386 
0.025395 
0.025404 
0.025413 
0.025422 
0.025431 
0.025440 
0.025449 
0.025458 
0.025467 
0.025476 
0.025485 
0.025494 
0.025503 
0.025512 
0.025520 
0.025529 
0.025538 
0.025547 
0.025556 
0.025565 
0.025574 
0.025583 
0.025592 
0.025601 
0.025610 
0.025619 
0.025628 
0.025637 
0.025646 
0.025655 
0.025664 
0.025673 
0.025681 
0.025690 
0.025699 
0.025708 
0.025717 
0.025726 
0.025735 
0.025744 
0.025753 
0.025762 
0.025771 
0.025780 
0.025789 
0.025798 
0.025807 
0.025816 
0.025825 
0.025834 
0.025842 
0.025851 
0.025860 
0.025869 
0.025878 
0.025887 
0.025896 
0.025905 
0.025914 
0.025923 
0.025932 
0.025941 
0.025950 
0.025959 
0.025968 
0.025977 
0.025986 
0.025995 
0.026003 
0.026012 
0.026021 
0.026030 
0.026039 
0.026048 
0.026057 
0.026066 
0.026075 
0.026084 
0.026093 
0.026102 
0.026111 
0.026120 
0.026129 
0.026138 
0.026147 
0.026156 
0.026164 
0.026173 
0.026182 
0.026191 
0.026200 
0.026209 
0.026218 
0.026227 
0.026236 
0.026245 
0.026254 
0.026263 
0.026272 
0.026281 
0.026290 
0.026299 
0.026308 
0.026317 
0.026325 
0.026334 
0.026343 
0.026352 
0.026361 
0.026370 
0.026379 
0.026388 
0.026397 
0.026406 
0.026415 
0.026424 
0.026433 
0.026442 
0.026451 
0.026460 
0.026469 
0.026478 
0.026486 
0.026495 
0.026504 
0.026513 
0.026522 
0.026531 
0.026540 
0.026549 
0.026558 
0.026567 
0.026576 
0.026585 
0.026594 
0.026603 
0.026612 
0.026621 
0.026630 
0.026638 
0.026647 
0.026656 
0.026665 
0.026674 
0.026683 
0.026692 
0.026701 
0.026710 
0.026719 
0.026728 
0.026737 
0.026746 
0.026755 
0.026764 
0.026773 
0.026782 
0.026790 
0.026799 
0.026808 
0.026817 
0.026826 
0.026835 
0.026844 
0.026853 
0.026862 
0.026871 
0.026880 
0.026889 
0.026898 
0.026907 
0.026916 
0.026925 
0.026934 
0.026943 
0.026952 
0.026960 
0.026969 
0.026978 
0.026987 
0.026996 
0.027005 
0.027014 
0.027023 
0.027032 
0.027041 
0.027050 
0.027059 
0.027068 
0.027077 
0.027086 
0.027095 
0.027104 
0.027113 
0.027121 
0.027130 
0.027139 
0.027148 
0.027157 
0.027166 
0.027175 
0.027184 
0.027193 
0.027202 
0.027211 
0.027220 
0.027229 
0.027238 
0.027247 
0.027256 
0.027265 
0.027274 
0.027282 
0.027291 
0.027300 
0.027309 
0.027318 
0.027327 
0.027336 
0.027345 
0.027354 
0.027363 
0.027372 
0.027381 
0.027390 
0.027399 
0.027408 
0.027417 
0.027426 
0.027435 
0.027443 
0.027452 
0.027461 
0.027470 
0.027479 
0.027488 
0.027497 
0.027506 
0.027515 
0.027524 
0.027533 
0.027542 
0.027551 
0.027560 
0.027569 
0.027578 
0.027587 
0.027596 
0.027604 
0.027613 
0.027622 
0.027631 
0.027640 
0.027649 
0.027658 
0.027667 
0.027676 
0.027685 
0.027694 
0.027703 
0.027712 
0.027721 
0.027730 
0.027739 
0.027748 
0.027757 
0.027765 
0.027774 
0.027783 
0.027792 
0.027801 
0.027810 
0.027819 
0.027828 
0.027837 
0.027846 
0.027855 
0.027864 
0.027873 
0.027882 
0.027891 
0.027900 
0.027909 
0.027918 
0.027926 
0.027935 
0.027944 
0.027953 
0.027962 
0.027971 
0.027980 
0.027989 
0.027998 
0.028007 
0.028016 
0.028025 
0.028034 
0.028043 
0.028052 
0.028061 
0.028070 
0.028079 
0.028087 
0.028096 
0.028105 
0.028114 
0.028123 
0.028132 
0.028141 
0.028150 
0.028159 
0.028168 
0.028177 
0.028186 
0.028195 
0.028204 
0.028213 
0.028222 
0.028231 
0.028240 
0.028248 
0.028257 
0.028266 
0.028275 
0.028284 
0.028293 
0.028302 
0.028311 
0.028320 
0.028329 
0.028338 
0.028347 
0.028356 
0.028365 
0.028374 
0.028383 
0.028392 
0.028401 
0.028409 
0.028418 
0.028427 
0.028436 
0.028445 
0.028454 
0.028463 
0.028472 
0.028481 
0.028490 
0.028499 
0.028508 
0.028517 
0.028526 
0.028535 
0.028544 
0.028553 
0.028562 
0.028570 
0.028579 
0.028588 
0.028597 
0.028606 
0.028615 
0.028624 
0.028633 
0.028642 
0.028651 
0.028660 
0.028669 
0.028678 
0.028687 
0.028696 
0.028705 
0.028714 
0.028722 
0.028731 
0.028740 
0.028749 
0.028758 
0.028767 
0.028776 
0.028785 
0.028793 
0.028802 
0.028811 
0.028820 
0.028828 
0.028837 
0.028846 
0.028854 
0.028863 
0.028872 
0.028880 
0.028889 
0.028897 
0.028905 
0.028914 
0.028922 
0.028931 
0.028939 
0.028947 
0.028955 
0.028964 
0.028972 
0.028980 
0.028988 
0.028996 
0.029004 
0.029012 
0.029020 
0.029028 
0.029036 
0.029043 
0.029051 
0.029059 
0.029067 
0.029074 
0.029082 
0.029090 
0.029097 
0.029105 
0.029112 
0.029120 
0.029127 
0.029134 
0.029142 
0.029149 
0.029157 
0.029164 
0.029171 
0.029178 
0.029185 
0.029193 
0.029200 
0.029207 
0.029214 
0.029221 
0.029228 
0.029235 
0.029242 
0.029249 
0.029256 
0.029262 
0.029269 
0.029276 
0.029283 
0.029289 
0.029296 
0.029303 
0.029309 
0.029316 
0.029323 
0.029329 
0.029336 
0.029342 
0.029349 
0.029355 
0.029361 
0.029368 
0.029374 
0.029380 
0.029386 
0.029393 
0.029399 
0.029405 
0.029411 
0.029417 
0.029423 
0.029429 
0.029435 
0.029441 
0.029447 
0.029453 
0.029459 
0.029465 
0.029471 
0.029476 
0.029482 
0.029488 
0.029493 
0.029499 
0.029505 
0.029510 
0.029516 
0.029521 
0.029527 
0.029532 
0.029538 
0.029543 
0.029548 
0.029554 
0.029559 
0.029564 
0.029569 
0.029574 
0.029580 
0.029585 
0.029590 
0.029595 
0.029600 
0.029605 
0.029610 
0.029615 
0.029620 
0.029625 
0.029629 
0.029634 
0.029639 
0.029644 
0.029648 
0.029653 
0.029658 
0.029662 
0.029667 
0.029672 
0.029676 
0.029681 
0.029685 
0.029689 
0.029694 
0.029698 
0.029702 
0.029707 
0.029711 
0.029715 
0.029719 
0.029724 
0.029728 
0.029732 
0.029736 
0.029740 
0.029744 
0.029748 
0.029752 
0.029756 
0.029760 
0.029763 
0.029767 
0.029771 
0.029775 
0.029779 
0.029782 
0.029786 
0.029789 
0.029793 
0.029797 
0.029800 
0.029804 
0.029807 
0.029811 
0.029814 
0.029817 
0.029821 
0.029824 
0.029827 
0.029830 
0.029834 
0.029837 
0.029840 
0.029843 
0.029846 
0.029849 
0.029852 
0.029855 
0.029858 
0.029861 
0.029864 
0.029867 
0.029869 
0.029872 
0.029875 
0.029878 
0.029880 
0.029883 
0.029886 
0.029888 
0.029891 
0.029893 
0.029896 
0.029898 
0.029901 
0.029903 
0.029906 
0.029908 
0.029910 
0.029912 
0.029915 
0.029917 
0.029919 
0.029921 
0.029923 
0.029925 
0.029927 
0.029929 
0.029931 
0.029933 
0.029935 
0.029937 
0.029939 
0.029941 
0.029943 
0.029944 
0.029946 
0.029948 
0.029950 
0.029951 
0.029953 
0.029954 
0.029956 
0.029957 
0.029959 
0.029960 
0.029962 
0.029963 
0.029964 
0.029966 
0.029967 
0.029968 
0.029969 
0.029971 
0.029972 
0.029973 
0.029974 
0.029975 
0.029976 
0.029977 
0.029978 
0.029979 
0.029980 
0.029981 
0.029982 
0.029982 
0.029983 
0.029984 
0.029985 
0.029985 
0.029986 
0.029987 
0.029987 
0.029988 
0.029988 
0.029989 
0.029989 
0.029990 
0.029990 
0.029990 
0.029991 
0.029991 
0.029991 
0.029991 
0.029992 
0.029992 
0.029992 
0.029992 
0.029992 
0.029992 
0.029992 
0.029992 
0.029992 
0.029992 
0.029991 
0.029991 
0.029991 
0.029990 
0.029990 
0.029989 
0.029988 
0.029988 
0.029987 
0.029986 
0.029985 
0.029984 
0.029983 
0.029982 
0.029980 
0.029979 
0.029978 
0.029976 
0.029974 
0.029973 
0.029971 
0.029969 
0.029967 
0.029965 
0.029963 
0.029961 
0.029958 
0.029956 
0.029954 
0.029951 
0.029948 
0.029946 
0.029943 
0.029940 
0.029937 
0.029934 
0.029931 
0.029927 
0.029924 
0.029921 
0.029917 
0.029914 
0.029910 
0.029906 
0.029903 
0.029899 
0.029895 
0.029891 
0.029886 
0.029882 
0.029878 
0.029874 
0.029869 
0.029865 
0.029860 
0.029855 
0.029850 
0.029846 
0.029841 
0.029836 
0.029831 
0.029825 
0.029820 
0.029815 
0.029809 
0.029804 
0.029798 
0.029793 
0.029787 
0.029781 
0.029775 
0.029769 
0.029763 
0.029757 
0.029751 
0.029745 
0.029738 
0.029732 
0.029725 
0.029719 
0.029712 
0.029705 
0.029699 
0.029692 
0.029685 
0.029678 
0.029670 
0.029663 
0.029656 
0.029649 
0.029641 
0.029634 
0.029626 
0.029618 
0.029610 
0.029603 
0.029595 
0.029587 
0.029578 
0.029570 
0.029562 
0.029554 
0.029545 
0.029537 
0.029528 
0.029519 
0.029511 
0.029502 
0.029493 
0.029484 
0.029475 
0.029466 
0.029456 
0.029447 
0.029438 
0.029428 
0.029419 
0.029409 
0.029399 
0.029390 
0.029380 
0.029370 
0.029360 
0.029350 
0.029339 
0.029329 
0.029319 
0.029308 
0.029298 
0.029287 
0.029276 
0.029266 
0.029255 
0.029244 
0.029233 
0.029222 
0.029211 
0.029199 
0.029188 
0.029177 
0.029165 
0.029154 
0.029142 
0.029130 
0.029119 
0.029107 
0.029095 
0.029083 
0.029071 
0.029058 
0.029046 
0.029034 
0.029021 
0.029009 
0.028996 
0.028983 
0.028971 
0.028958 
0.028945 
0.028932 
0.028919 
0.028906 
0.028893 
0.028879 
0.028866 
0.028852 
0.028839 
0.028825 
0.028811 
0.028798 
0.028784 
0.028770 
0.028756 
0.028742 
0.028727 
0.028713 
0.028699 
0.028684 
0.028670 
0.028655 
0.028641 
0.028626 
0.028611 
0.028596 
0.028581 
0.028566 
0.028551 
0.028536 
0.028520 
0.028505 
0.028489 
0.028474 
0.028458 
0.028443 
0.028427 
0.028411 
0.028395 
0.028379 
0.028363 
0.028347 
0.028330 
0.028314 
0.028297 
0.028281 
0.028264 
0.028248 
0.028231 
0.028214 
0.028197 
0.028180 
0.028163 
0.028146 
0.028129 
0.028111 
0.028094 
0.028076 
0.028059 
0.028041 
0.028024 
0.028006 
0.027988 
0.027970 
0.027952 
0.027934 
0.027916 
0.027897 
0.027879 
0.027861 
0.027842 
0.027823 
0.027805 
0.027786 
0.027767 
0.027748 
0.027729 
0.027710 
0.027691 
0.027672 
0.027652 
0.027633 
0.027614 
0.027594 
0.027574 
0.027555 
0.027535 
0.027515 
0.027495 
0.027476 
0.027456 
0.027436 
0.027416 
0.027396 
0.027375 
0.027355 
0.027335 
0.027315 
0.027295 
0.027275 
0.027255 
0.027234 
0.027214 
0.027194 
0.027174 
0.027154 
0.027133 
0.027113 
0.027093 
0.027073 
0.027053 
0.027032 
0.027012 
0.026992 
0.026972 
0.026952 
0.026932 
0.026912 
0.026892 
0.026872 
0.026851 
0.026831 
0.026811 
0.026791 
0.026771 
0.026751 
0.026731 
0.026711 
0.026691 
0.026671 
0.026651 
0.026631 
0.026611 
0.026591 
0.026571 
0.026551 
0.026531 
0.026511 
0.026491 
0.026471 
0.026452 
0.026432 
0.026412 
0.026392 
0.026372 
0.026352 
0.026332 
0.026312 
0.026292 
0.026272 
0.026252 
0.026232 
0.026212 
0.026192 
0.026172 
0.026152 
0.026132 
0.026112 
0.026092 
0.026072 
0.026052 
0.026032 
0.026012 
0.025992 
0.025972 
0.025952 
0.025932 
0.025912 
0.025892 
0.025872 
0.025852 
0.025832 
0.025812 
0.025792 
0.025772 
0.025752 
0.025732 
0.025712 
0.025692 
0.025672 
0.025652 
0.025632 
0.025612 
0.025592 
0.025572 
0.025552 
0.025532 
0.025512 
0.025492 
0.025472 
0.025452 
0.025432 
0.025412 
0.025392 
0.025372 
0.025352 
0.025332 
0.025312 
0.025292 
0.025272 
0.025252 
0.025232 
0.025212 
0.025192 
0.025172 
0.025152 
0.025132 
0.025112 
0.025092 
0.025072 
0.025052 
0.025032 
0.025012 
0.024992 
0.024972 
0.024952 
0.024932 
0.024912 
0.024892 
0.024872 
0.024852 
0.024832 
0.024812 
0.024792 
0.024772 
0.024752 
0.024732 
0.024712 
0.024692 
0.024672 
0.024652 
0.024632 
0.024612 
0.024592 
0.024572 
0.024552 
0.024532 
0.024512 
0.024492 
0.024472 
0.024452 
0.024432 
0.024412 
0.024392 
0.024372 
0.024352 
0.024332 
0.024312 
0.024292 
0.024272 
0.024252 
0.024232 
0.024212 
0.024192 
0.024172 
0.024152 
0.024132 
0.024112 
0.024092 
0.024072 
0.024052 
0.024032 
0.024012 
0.023992 
0.023972 
0.023952 
0.023932 
0.023912 
0.023892 
0.023872 
0.023852 
0.023832 
0.023812 
0.023792 
0.023772 
0.023752 
0.023732 
0.023712 
0.023692 
0.023672 
0.023652 
0.023632 
0.023612 
0.023592 
0.023572 
0.023552 
0.023532 
0.023512 
0.023492 
0.023472 
0.023452 
0.023432 
0.023412 
0.023392 
0.023372 
0.023352 
0.023332 
0.023312 
0.023292 
0.023272 
0.023252 
0.023232 
0.023212 
0.023192 
0.023172 
0.023152 
0.023132 
0.023112 
0.023092 
0.023072 
0.023052 
0.023032 
0.023012 
0.022992 
0.022972 
0.022952 
0.022932 
0.022912 
0.022892 
0.022872 
0.022852 
0.022832 
0.022812 
0.022792 
0.022772 
0.022752 
0.022732 
0.022712 
0.022692 
0.022672 
0.022652 
0.022632 
0.022612 
0.022592 
0.022572 
0.022552 
0.022532 
0.022512 
0.022492 
0.022472 
0.022452 
0.022432 
0.022412 
0.022392 
0.022372 
0.022352 
0.022332 
0.022312 
0.022292 
0.022272 
0.022252 
0.022232 
0.022212 
0.022192 
0.022172 
0.022152 
0.022132 
0.022112 
0.022092 
0.022072 
0.022052 
0.022032 
0.022012 
0.021992 
0.021972 
0.021952 
0.021932 
0.021912 
0.021892 
0.021872 
0.021852 
0.021832 
0.021812 
0.021792 
0.021772 
0.021752 
0.021732 
0.021712 
0.021692 
0.021672 
0.021652 
0.021632 
0.021612 
0.021592 
0.021572 
0.021552 
0.021532 
0.021512 
0.021492 
0.021472 
0.021452 
0.021432 
0.021412 
0.021392 
0.021372 
0.021352 
0.021332 
0.021312 
0.021292 
0.021272 
0.021252 
0.021232 
0.021212 
0.021192 
0.021172 
0.021152 
0.021132 
0.021112 
0.021092 
0.021072 
0.021052 
0.021032 
0.021012 
0.020992 
0.020972 
0.020952 
0.020932 
0.020912 
0.020892 
0.020872 
0.020852 
0.020832 
0.020812 
0.020792 
0.020772 
0.020752 
0.020732 
0.020712 
0.020692 
0.020672 
0.020652 
0.020632 
0.020612 
0.020592 
0.020572 
0.020552 
0.020532 
0.020512 
0.020492 
0.020472 
0.020452 
0.020432 
0.020412 
0.020392 
0.020372 
0.020352 
0.020332 
0.020312 
0.020292 
0.020272 
0.020252 
0.020232 
0.020212 
0.020192 
0.020172 
0.020152 
0.020132 
0.020112 
0.020092 
0.020072 
0.020052 
0.020032 
0.020012 
0.019992 
0.019972 
0.019952 
0.019932 
0.019912 
0.019892 
0.019872 
0.019852 
0.019832 
0.019812 
0.019792 
0.019772 
0.019752 
0.019732 
0.019712 
0.019692 
0.019672 
0.019652 
0.019632 
0.019612 
0.019592 
0.019572 
0.019552 
0.019532 
0.019512 
0.019492 
0.019472 
0.019452 
0.019432 
0.019412 
0.019392 
0.019372 
0.019352 
0.019332 
0.019312 
0.019292 
0.019272 
0.019252 
0.019232 
0.019212 
0.019192 
0.019172 
0.019152 
0.019132 
0.019112 
0.019092 
0.019072 
0.019052 
0.019032 
0.019012 
0.018992 
0.018972 
0.018952 
0.018932 
0.018912 
0.018892 
0.018872 
0.018852 
0.018832 
0.018812 
0.018792 
0.018772 
0.018752 
0.018732 
0.018712 
0.018692 
0.018672 
0.018652 
0.018632 
0.018612 
0.018592 
0.018572 
0.018552 
0.018532 
0.018512 
0.018492 
0.018472 
0.018452 
0.018432 
0.018412 
0.018392 
0.018372 
0.018352 
0.018332 
0.018312 
0.018292 
0.018272 
0.018252 
0.018232 
0.018212 
0.018192 
0.018172 
0.018152 
0.018132 
0.018112 
0.018092 
0.018072 
0.018052 
0.018032 
0.018012 
0.017992 
0.017972 
0.017952 
0.017932 
0.017912 
0.017892 
0.017872 
0.017852 
0.017832 
0.017812 
0.017792 
0.017772 
0.017752 
0.017732 
0.017712 
0.017692 
0.017672 
0.017652 
0.017632 
0.017612 
0.017592 
0.017572 
0.017552 
0.017532 
0.017512 
0.017492 
0.017472 
0.017452 
0.017432 
0.017412 
0.017392 
0.017372 
0.017352 
0.017332 
0.017312 
0.017292 
0.017272 
0.017252 
0.017232 
0.017212 
0.017192 
0.017172 
0.017152 
0.017132 
0.017112 
0.017092 
0.017072 
0.017052 
0.017032 
0.017012 
0.016992 
0.016972 
0.016952 
0.016932 
0.016912 
0.016892 
0.016872 
0.016852 
0.016832 
0.016812 
0.016792 
0.016772 
0.016752 
0.016732 
0.016712 
0.016692 
0.016672 
0.016652 
0.016632 
0.016612 
0.016592 
0.016572 
0.016552 
0.016532 
0.016512 
0.016492 
0.016472 
0.016452 
0.016432 
0.016412 
0.016392 
0.016372 
0.016352 
0.016332 
0.016312 
0.016292 
0.016272 
0.016252 
0.016232 
0.016212 
0.016192 
0.016172 
0.016152 
0.016132 
0.016112 
0.016092 
0.016072 
0.016052 
0.016032 
0.016012 
0.015992 
0.015972 
0.015952 
0.015932 
0.015912 
0.015892 
0.015872 
0.015852 
0.015832 
0.015812 
0.015792 
0.015772 
0.015752 
0.015732 
0.015712 
0.015692 
0.015672 
0.015652 
0.015632 
0.015612 
0.015592 
0.015572 
0.015552 
0.015532 
0.015512 
0.015492 
0.015472 
0.015452 
0.015432 
0.015412 
0.015392 
0.015372 
0.015352 
0.015332 
0.015312 
0.015292 
0.015272 
0.015252 
0.015232 
0.015212 
0.015192 
0.015172 
0.015152 
0.015132 
0.015112 
0.015092 
0.015072 
0.015052 
0.015032 
0.015012 
0.014992 
0.014972 
0.014952 
0.014932 
0.014912 
0.014892 
0.014872 
0.014852 
0.014832 
0.014812 
0.014792 
0.014772 
0.014752 
0.014732 
0.014712 
0.014692 
0.014672 
0.014652 
0.014632 
0.014612 
0.014592 
0.014572 
0.014552 
0.014532 
0.014512 
0.014492 
0.014472 
0.014452 
0.014432 
0.014412 
0.014392 
0.014372 
0.014352 
0.014332 
0.014312 
0.014292 
0.014272 
0.014252 
0.014232 
0.014212 
0.014192 
0.014172 
0.014152 
0.014132 
0.014112 
0.014092 
0.014072 
0.014052 
0.014032 
0.014012 
0.013992 
0.013972 
0.013952 
0.013932 
0.013912 
0.013892 
0.013872 
0.013852 
0.013832 
0.013812 
0.013792 
0.013772 
0.013752 
0.013732 
0.013712 
0.013692 
0.013672 
0.013652 
0.013632 
0.013612 
0.013592 
0.013572 
0.013552 
0.013532 
0.013512 
0.013492 
0.013472 
0.013452 
0.013432 
0.013412 
0.013392 
0.013372 
0.013352 
0.013332 
0.013312 
0.013292 
0.013272 
0.013252 
0.013232 
0.013212 
0.013192 
0.013172 
0.013152 
0.013132 
0.013112 
0.013092 
0.013072 
0.013052 
0.013032 
0.013012 
0.012992 
0.012972 
0.012952 
0.012932 
0.012912 
0.012892 
0.012872 
0.012852 
0.012832 
0.012812 
0.012792 
0.012772 
0.012752 
0.012732 
0.012712 
0.012692 
0.012672 
0.012652 
0.012632 
0.012612 
0.012592 
0.012572 
0.012552 
0.012532 
0.012512 
0.012492 
0.012472 
0.012452 
0.012433 
0.012413 
0.012393 
0.012373 
0.012354 
0.012334 
0.012315 
0.012295 
0.012276 
0.012257 
0.012237 
0.012218 
0.012199 
0.012180 
0.012161 
0.012143 
0.012124 
0.012105 
0.012087 
0.012068 
0.012050 
0.012032 
0.012013 
0.011995 
0.011977 
0.011959 
0.011942 
0.011924 
0.011906 
0.011889 
0.011871 
0.011854 
0.011837 
0.011819 
0.011802 
0.011785 
0.011768 
0.011751 
0.011735 
0.011718 
0.011701 
0.011685 
0.011669 
0.011652 
0.011636 
0.011620 
0.011604 
0.011588 
0.011572 
0.011556 
0.011540 
0.011524 
0.011509 
0.011493 
0.011478 
0.011462 
0.011447 
0.011432 
0.011417 
0.011402 
0.011387 
0.011372 
0.011357 
0.011342 
0.011328 
0.011313 
0.011298 
0.011284 
0.011270 
0.011255 
0.011241 
0.011227 
0.011213 
0.011199 
0.011185 
0.011171 
0.011158 
0.011144 
0.011130 
0.011117 
0.011104 
0.011090 
0.011077 
0.011064 
0.011051 
0.011038 
0.011025 
0.011012 
0.010999 
0.010986 
0.010974 
0.010961 
0.010949 
0.010937 
0.010924 
0.010912 
0.010900 
0.010888 
0.010876 
0.010864 
0.010852 
0.010840 
0.010829 
0.010817 
0.010806 
0.010794 
0.010783 
0.010772 
0.010761 
0.010750 
0.010739 
0.010728 
0.010717 
0.010706 
0.010695 
0.010685 
0.010674 
0.010664 
0.010653 
0.010643 
0.010633 
0.010623 
0.010613 
0.010603 
0.010593 
0.010583 
0.010573 
0.010564 
0.010554 
0.010545 
0.010535 
0.010526 
0.010517 
0.010508 
0.010498 
0.010489 
0.010481 
0.010472 
0.010463 
0.010454 
0.010446 
0.010437 
0.010429 
0.010420 
0.010412 
0.010404 
0.010396 
0.010388 
0.010380 
0.010372 
0.010364 
0.010356 
0.010349 
0.010341 
0.010334 
0.010326 
0.010319 
0.010312 
0.010304 
0.010297 
0.010290 
0.010283 
0.010277 
0.010270 
0.010263 
0.010257 
0.010250 
0.010244 
0.010237 
0.010231 
0.010225 
0.010219 
0.010213 
0.010207 
0.010201 
0.010195 
0.010189 
0.010184 
0.010178 
0.010173 
0.010167 
0.010162 
0.010157 
0.010151 
0.010146 
0.010141 
0.010136 
0.010132 
0.010127 
0.010122 
0.010118 
0.010113 
0.010109 
0.010104 
0.010100 
0.010096 
0.010092 
0.010088 
0.010084 
0.010080 
0.010076 
0.010072 
0.010069 
0.010065 
0.010061 
0.010058 
0.010055 
0.010051 
0.010048 
0.010045 
0.010042 
0.010039 
0.010036 
0.010034 
0.010031 
0.010028 
0.010026 
0.010023 
0.010021 
0.010019 
0.010017 
0.010015 
0.010012 
0.010010 
0.010009 
0.010007 
0.010005 
0.010003 
0.010002 
0.010000 
0.009999 
0.009998 
0.009996 
0.009995 
0.009994 
0.009993 
0.009992 
0.009991 
0.009991 
0.009990 
0.009989 
0.009989 
0.009988 
0.009988 
0.009988 
0.009987 
0.009987 
0.009987 
0.009987 
0.009987 
0.009987 
0.009987 
0.009987 
0.009987 
0.009987 
0.009987 
0.009988 
0.009988 
0.009988 
0.009988 
0.009988 
0.009989 
0.009989 
0.009989 
0.009989 
0.009989 
0.009990 
0.009990 
0.009990 
0.009990 
0.009990 
0.009991 
0.009991 
0.009991 
0.009991 
0.009991 
0.009991 
0.009991 
0.009991 
0.009991 
0.009991 
0.009991 
0.009991 
0.009992 
0.009992 
0.009992 
0.009992 
0.009992 
0.009992 
0.009992 
0.009992 
0.009992 
0.009991 
0.009991 
0.009991 
0.009991 
0.009991 
0.009991 
0.009991 
0.009991 
0.009991 
0.009991 
0.009991 
0.009991 
0.009991 
0.009991 
0.009991 
0.009991 
0.009991 
0.009991 
0.009991 
0.009991 
0.009991 
0.009991 
0.009991 
0.009991 
0.009991 
0.009991 
0.009991 
0.009991 
0.009991 
0.009991 
0.009991 
0.009991 
0.009991 
0.009991 
0.009991 
0.009991 
0.009991 
0.009991 
0.009991 
0.009991 
0.009991 
0.009991 
0.009991 
0.009991 
0.009991 
0.009991 
0.009991 
0.009991 
0.009991 
0.009991 
0.009991 
0.009991 
0.009991 
0.009991 
0.009991 
0.009991 
0.009991 
0.009991 
0.009991 
0.009991 
0.009991 
0.009991 
0.009991 
0.009991 
0.009991 
0.009991 
0.009991 
0.009991 
0.009991 
0.009991 
0.009991 
0.009991 
0.009991 
0.009991 
0.009991 
0.009991 
0.009991 
0.009991 
0.009991 
0.009991 
0.009991 
0.009991 
0.009991 
0.009991 
0.009991 
0.009991 
0.009991 
0.009991 
0.009991 
0.009991 
0.009991 
0.009991 
0.009991 
0.009991 
0.009991 
0.009991 
0.009991 
0.009991 
0.009991 
0.009991 
0.009991 
0.009991 
0.009991 
0.009991 
0.009991 
0.009991 
0.009991 
0.009991 
0.009991 
0.009991 
0.009991 
0.009991 
0.009991 
0.009991 
0.009991 
0.009991 
0.009991 
0.009991 
0.009991 
0.009991 
0.009991 
0.009991 
0.009991 
0.009991 
0.009991 
0.009991 
0.009991 
0.009991 
0.009991 
0.009991 
0.009991 
0.009991 
0.009991 
0.009991 
0.009991 
0.009991 
0.009991 
0.009991 
0.009991 
0.009991 
0.009991 
0.009991 
0.009991 
0.009991 
0.009991 
0.009991 
0.009991 
0.009991 
0.009991 
0.009991 
0.009991 
0.009991 
0.009991 
0.009991 
0.009991 
0.009991 
0.009991 
0.009991 
0.009991 
0.009991 
0.009991 
0.009991 
0.009991 
0.009991 
0.009991 
0.009991 
0.009991 
0.009991 
0.009991 
0.009991 
0.009991 
0.009991 
0.009991 
0.009991 
0.009991 
0.009991 
0.009991 
0.009991 
0.009991 
0.009991 
0.009991 
0.009991 
0.009991 
0.009991 
0.009991 
0.009991 
0.009991 
0.009991 
0.009991 
0.009991 
0.009991 
0.009991 
0.009991 
0.009991 
0.009991 
0.009991 
0.009991 
0.009991 
0.009991 
0.009991 
0.009991 
0.009991 
0.009991 
0.009991 
0.009991 
0.009991 
0.009991 
0.009991 
0.009991 
0.009991 
0.009991 
0.009991 
0.009991 
0.009991 
0.009991 
0.009991 
0.009991 
0.009991 
0.009991 
0.009991 
0.009991 
0.009991 
0.009991 
0.009991 
0.009991 
0.009991 
0.009991 
0.009991 
0.009991 
0.009991 
0.009991 
0.009991 
0.009991 
0.009991 
0.009991 
0.009991 
0.009991 
0.009991 
0.009991 
0.009991 
0.009991 
0.009991 
0.009991 
0.009991 
0.009991 
0.009991 
0.009991 
0.009991 
0.009991 
0.009991 
0.009991 
0.009991 
0.009991 
0.009991 
0.009991 
0.009991 
0.009991 
0.009991 
0.009991 
0.009991 
0.009991 
0.009991 
0.009991 
0.009991 
0.009991 
0.009991 
0.009991 
0.009991 
0.009991 
0.009991 
0.009991 
0.009991 
0.009991 
0.009991 
0.009991 
0.009991 
0.009991 
0.009991 
0.009991 
0.009991 
0.009991 
0.009991 
0.009991 
0.009991 
0.009991 
0.009991 
0.009991 
0.009991 
0.009991 
0.009991 
0.009991 
0.009991 
0.009991 
0.009991 
0.009991 
0.009991 
0.009991 
0.009991 
0.009991 
0.009991 
0.009991 
0.009991 
0.009991 
0.009991 
0.009991 
0.009991 
0.009991 
0.009991 
0.009991 
0.009991 
0.009991 
0.009991 
0.009991 
0.009991 
0.009991 
0.009991 
0.009991 
0.009991 
0.009991 
0.009991 
0.009991 
0.009991 
0.009991 
0.009991 
0.009991 
0.009991 
0.009991 
0.009991 
0.009991 
0.009991 
0.009991 
0.009991 
0.009991 
0.009991 
0.009991 
0.009991 
0.009991 
0.009991 
0.009991 
0.009991 
0.009991 
0.009991 
0.009991 
0.009991 
0.009991 
0.009991 
0.009991 
0.009991 
0.009991 
0.009991 
0.009991 
0.009991 
0.009991 
0.009991 
0.009991 
0.009991 
0.009991 
0.009991 
0.009991 
0.009991 
0.009991 
0.009991 
0.009991 
0.009991 
0.009991 
0.009991 
0.009991 
0.009991 
0.009991 
0.009991 
0.009991 
0.009991 
0.009991 
0.009991 
0.009991 
0.009991 
0.009991 
0.009991 
0.009991 
0.009991 
0.009991 
0.009991 
0.009991 
0.009991 
0.009991 
0.009991 
0.009991 
0.009991 
0.009991 
0.009991 
0.009991 
0.009991 
0.009991 
0.009991 
0.009991 
0.009991 
0.009991 
0.009991 
0.009991 
0.009991 
0.009991 
0.009991 
0.009991 
0.009991 
0.009991 
0.009991 
0.009991 
0.009991 
0.009991 
0.009991 
0.009991 
0.009991 
0.009991 
0.009991 
0.009991 
0.009991 
0.009991 
0.009991 
0.009991 
0.009991 
0.009991 
0.009991 
0.009991 
0.009991 
0.009991 
0.009991 
0.009991 
0.009991 
0.009991 
0.009991 
0.009991 
0.009991 
0.009991 
0.009991 
0.009991 
0.009991 
0.009991 
0.009991 
0.009991 
0.009991 
0.009991 
0.009991 
0.009991 
0.009991 
0.009991 
0.009991 
0.009991 
0.009991 
0.009991 
0.009991 
0.009991 
0.009991 
0.009991 
0.009991 
0.009991 
0.009991 
0.009991 
0.009991 
0.009991 
0.009991 
0.009991 
0.009991 
0.009991 
0.009991 
0.009991 
0.009991 
0.009991 
0.009991 
0.009991 
0.009991 
0.009991 
0.009991 
0.009991 
0.009991 
0.009991 
0.009991 
0.009991 
0.009991 
0.009991 
0.009991 
0.009991 
0.009991 
0.009991 
0.009991 
0.009991 
0.009991 
0.009991 
0.009991 
0.009991 
0.009991 
0.009991 
0.009991 
0.009991 
0.009991 
0.009991 
0.009991 
0.009991 
0.009991 
0.009991 
0.009991 
0.009991 
0.009991 
0.009991 
0.009991 
0.009991 
0.009991 
0.009991 
0.009991 
0.009991 
0.009991 
0.009991 
0.009991 
0.009991 
0.009991 
0.009991 
0.009991 
0.009991 
0.009991 
0.009991 
0.009991 
0.009991 
0.009991 
0.009991 
0.009991 
0.009991 
0.009991 
0.009991 
0.009991 
0.009991 
0.009991 
0.009991 
0.009991 
0.009991 
0.009991 
0.009991 
0.009991 
0.009991 
0.009991 
0.009991 
0.009991 
0.009991 
0.009991 
0.009991 
0.009991 
0.009991 
0.009991 
0.009991 
0.009991 
0.009991 
0.009991 
0.009991 
0.009991 
0.009991 
0.009991 
0.009991 
0.009991 
0.009991 
0.009991 
0.009991 
0.009991 
0.009991 
0.009991 
0.009991 
0.009991 
0.009991 
0.009991 
0.009991 
0.009991 
0.009991 
0.009991 
0.009991 
0.009991 
0.009991 
0.009991 
0.009991 
0.009991 
0.009991 
0.009991 
0.009991 
0.009991 
0.009991 
0.009991 
0.009991 
0.009990 
0.009990 
0.009990 
0.009990 
0.009989 
0.009989 
0.009989 
0.009988 
0.009988 
0.009987 
0.009986 
0.009986 
0.009985 
0.009984 
0.009983 
0.009982 
0.009981 
0.009980 
0.009978 
0.009977 
0.009976 
0.009974 
0.009973 
0.009971 
0.009969 
0.009967 
0.009965 
0.009963 
0.009961 
0.009959 
0.009956 
0.009954 
0.009951 
0.009948 
0.009946 
0.009943 
0.009940 
0.009937 
0.009934 
0.009931 
0.009928 
0.009924 
0.009921 
0.009917 
0.009914 
0.009910 
0.009906 
0.009903 
0.009899 
0.009895 
0.009891 
0.009887 
0.009882 
0.009878 
0.009874 
0.009869 
0.009865 
0.009860 
0.009855 
0.009850 
0.009846 
0.009841 
0.009836 
0.009831 
0.009825 
0.009820 
0.009815 
0.009809 
0.009804 
0.009798 
0.009793 
0.009787 
0.009781 
0.009775 
0.009769 
0.009763 
0.009757 
0.009751 
0.009745 
0.009738 
0.009732 
0.009725 
0.009719 
0.009712 
0.009705 
0.009699 
0.009692 
0.009685 
0.009678 
0.009670 
0.009663 
0.009656 
0.009649 
0.009641 
0.009634 
0.009626 
0.009618 
0.009610 
0.009603 
0.009595 
0.009587 
0.009578 
0.009570 
0.009562 
0.009554 
0.009545 
0.009537 
0.009528 
0.009519 
0.009511 
0.009502 
0.009493 
0.009484 
0.009475 
0.009466 
0.009456 
0.009447 
0.009438 
0.009428 
0.009419 
0.009409 
0.009399 
0.009390 
0.009380 
0.009370 
0.009360 
0.009350 
0.009339 
0.009329 
0.009319 
0.009308 
0.009298 
0.009287 
0.009276 
0.009266 
0.009255 
0.009244 
0.009233 
0.009222 
0.009211 
0.009199 
0.009188 
0.009177 
0.009165 
0.009154 
0.009142 
0.009130 
0.009119 
0.009107 
0.009095 
0.009083 
0.009071 
0.009058 
0.009046 
0.009034 
0.009021 
0.009009 
0.008996 
0.008983 
0.008971 
0.008958 
0.008945 
0.008932 
0.008919 
0.008906 
0.008893 
0.008879 
0.008866 
0.008852 
0.008839 
0.008825 
0.008811 
0.008798 
0.008784 
0.008770 
0.008756 
0.008742 
0.008728 
0.008714 
0.008700 
0.008685 
0.008671 
0.008657 
0.008643 
0.008628 
0.008614 
0.008600 
0.008585 
0.008571 
0.008557 
0.008542 
0.008528 
0.008514 
0.008499 
0.008485 
0.008471 
0.008456 
0.008442 
0.008428 
0.008413 
0.008399 
0.008385 
0.008371 
0.008356 
0.008342 
0.008328 
0.008314 
0.008299 
0.008285 
0.008271 
0.008257 
0.008243 
0.008229 
0.008214 
0.008200 
0.008186 
0.008172 
0.008158 
0.008144 
0.008130 
0.008115 
0.008101 
0.008087 
0.008073 
0.008059 
0.008045 
0.008031 
0.008017 
0.008003 
0.007988 
0.007974 
0.007960 
0.007946 
0.007932 
0.007918 
0.007904 
0.007890 
0.007875 
0.007861 
0.007847 
0.007833 
0.007819 
0.007805 
0.007791 
0.007777 
0.007762 
0.007748 
0.007734 
0.007720 
0.007706 
0.007692 
0.007678 
0.007663 
0.007649 
0.007635 
0.007621 
0.007607 
0.007593 
0.007579 
0.007564 
0.007550 
0.007536 
0.007522 
0.007508 
0.007494 
0.007480 
0.007465 
0.007451 
0.007437 
0.007423 
0.007409 
0.007395 
0.007381 
0.007366 
0.007352 
0.007338 
0.007324 
0.007310 
0.007296 
0.007281 
0.007267 
0.007253 
0.007239 
0.007225 
0.007211 
0.007197 
0.007182 
0.007168 
0.007154 
0.007140 
0.007126 
0.007112 
0.007098 
0.007083 
0.007069 
0.007055 
0.007041 
0.007027 
0.007013 
0.006999 
0.006984 
0.006970 
0.006956 
0.006942 
0.006928 
0.006914 
0.006900 
0.006885 
0.006871 
0.006857 
0.006843 
0.006829 
0.006815 
0.006801 
0.006786 
0.006772 
0.006758 
0.006744 
0.006730 
0.006716 
0.006702 
0.006687 
0.006673 
0.006659 
0.006645 
0.006631 
0.006617 
0.006603 
0.006588 
0.006574 
0.006560 
0.006546 
0.006532 
0.006518 
0.006504 
0.006489 
0.006475 
0.006461 
0.006447 
0.006433 
0.006419 
0.006405 
0.006390 
0.006376 
0.006362 
0.006348 
0.006334 
0.006320 
0.006306 
0.006291 
0.006277 
0.006263 
0.006249 
0.006235 
0.006221 
0.006207 
0.006192 
0.006178 
0.006164 
0.006150 
0.006136 
0.006122 
0.006108 
0.006093 
0.006079 
0.006065 
0.006051 
0.006037 
0.006023 
0.006009 
0.005994 
0.005980 
0.005966 
0.005952 
0.005938 
0.005924 
0.005910 
0.005895 
0.005881 
0.005867 
0.005853 
0.005839 
0.005825 
0.005811 
0.005796 
0.005782 
0.005768 
0.005754 
0.005740 
0.005726 
0.005712 
0.005698 
0.005683 
0.005669 
0.005655 
0.005641 
0.005627 
0.005613 
0.005599 
0.005584 
0.005570 
0.005556 
0.005542 
0.005528 
0.005514 
0.005500 
0.005485 
0.005471 
0.005457 
0.005443 
0.005429 
0.005415 
0.005401 
0.005386 
0.005372 
0.005358 
0.005344 
0.005330 
0.005316 
0.005302 
0.005288 
0.005273 
0.005259 
0.005245 
0.005231 
0.005217 
0.005203 
0.005189 
0.005174 
0.005160 
0.005146 
0.005132 
0.005118 
0.005104 
0.005090 
0.005075 
0.005061 
0.005047 
0.005033 
0.005019 
0.005005 
0.004991 
0.004976 
0.004962 
0.004948 
0.004934 
0.004920 
0.004906 
0.004891 
0.004877 
0.004863 
0.004849 
0.004835 
0.004821 
0.004807 
0.004792 
0.004778 
0.004764 
0.004750 
0.004736 
0.004722 
0.004708 
0.004693 
0.004679 
0.004665 
0.004651 
0.004637 
0.004623 
0.004609 
0.004594 
0.004580 
0.004566 
0.004552 
0.004538 
0.004524 
0.004510 
0.004495 
0.004481 
0.004467 
0.004453 
0.004439 
0.004425 
0.004411 
0.004396 
0.004382 
0.004368 
0.004354 
0.004340 
0.004326 
0.004312 
0.004297 
0.004283 
0.004269 
0.004255 
0.004241 
0.004227 
0.004213 
0.004198 
0.004184 
0.004170 
0.004156 
0.004142 
0.004128 
0.004114 
0.004099 
0.004085 
0.004071 
0.004057 
0.004043 
0.004029 
0.004015 
0.004000 
0.003986 
0.003972 
0.003958 
0.003944 
0.003930 
0.003916 
0.003901 
0.003887 
0.003873 
0.003859 
0.003845 
0.003831 
0.003817 
0.003802 
0.003788 
0.003774 
0.003760 
0.003746 
0.003732 
0.003718 
0.003703 
0.003689 
0.003675 
0.003661 
0.003647 
0.003633 
0.003619 
0.003604 
0.003590 
0.003576 
0.003562 
0.003548 
0.003534 
0.003520 
0.003505 
0.003491 
0.003477 
0.003463 
0.003449 
0.003435 
0.003421 
0.003406 
0.003392 
0.003378 
0.003364 
0.003350 
0.003336 
0.003322 
0.003307 
0.003293 
0.003279 
0.003265 
0.003251 
0.003237 
0.003223 
0.003208 
0.003194 
0.003180 
0.003166 
0.003152 
0.003138 
0.003124 
0.003109 
0.003095 
0.003081 
0.003067 
0.003053 
0.003039 
0.003025 
0.003010 
0.002996 
0.002982 
0.002968 
0.002954 
0.002940 
0.002926 
0.002912 
0.002897 
0.002883 
0.002869 
0.002855 
0.002841 
0.002827 
0.002813 
0.002798 
0.002784 
0.002770 
0.002756 
0.002742 
0.002728 
0.002714 
0.002699 
0.002685 
0.002671 
0.002657 
0.002643 
0.002629 
0.002615 
0.002600 
0.002586 
0.002572 
0.002558 
0.002544 
0.002530 
0.002516 
0.002502 
0.002487 
0.002473 
0.002459 
0.002445 
0.002431 
0.002417 
0.002403 
0.002388 
0.002374 
0.002360 
0.002346 
0.002332 
0.002318 
0.002304 
0.002289 
0.002275 
0.002261 
0.002247 
0.002233 
0.002219 
0.002205 
0.002190 
0.002176 
0.002162 
0.002148 
0.002134 
0.002120 
0.002105 
0.002091 
0.002077 
0.002063 
0.002049 
0.002035 
0.002021 
0.002006 
0.001992 
0.001978 
0.001964 
0.001950 
0.001936 
0.001922 
0.001907 
0.001893 
0.001879 
0.001865 
0.001851 
0.001837 
0.001823 
0.001808 
0.001794 
0.001780 
0.001766 
0.001752 
0.001738 
0.001724 
0.001709 
0.001695 
0.001681 
0.001667 
0.001653 
0.001639 
0.001625 
0.001610 
0.001596 
0.001582 
0.001568 
0.001554 
0.001540 
0.001526 
0.001511 
0.001497 
0.001483 
0.001469 
0.001455 
0.001441 
0.001427 
0.001412 
0.001398 
0.001384 
0.001370 
0.001356 
0.001342 
0.001328 
0.001314 
0.001299 
0.001285 
0.001271 
0.001257 
0.001243 
0.001229 
0.001215 
0.001201 
0.001188 
0.001174 
0.001160 
0.001146 
0.001133 
0.001119 
0.001106 
0.001092 
0.001079 
0.001066 
0.001053 
0.001039 
0.001026 
0.001013 
0.001001 
0.000988 
0.000975 
0.000963 
0.000950 
0.000938 
0.000925 
0.000913 
0.000901 
0.000889 
0.000877 
0.000865 
0.000853 
0.000842 
0.000830 
0.000818 
0.000807 
0.000796 
0.000784 
0.000773 
0.000762 
0.000751 
0.000740 
0.000729 
0.000719 
0.000708 
0.000697 
0.000687 
0.000677 
0.000666 
0.000656 
0.000646 
0.000636 
0.000626 
0.000616 
0.000606 
0.000596 
0.000587 
0.000577 
0.000568 
0.000558 
0.000549 
0.000539 
0.000530 
0.000521 
0.000512 
0.000503 
0.000494 
0.000485 
0.000477 
0.000468 
0.000460 
0.000451 
0.000443 
0.000434 
0.000426 
0.000418 
0.000410 
0.000402 
0.000394 
0.000386 
0.000378 
0.000370 
0.000363 
0.000355 
0.000348 
0.000340 
0.000333 
0.000326 
0.000319 
0.000311 
0.000304 
0.000298 
0.000291 
0.000284 
0.000277 
0.000271 
0.000264 
0.000258 
0.000251 
0.000245 
0.000239 
0.000233 
0.000227 
0.000221 
0.000215 
0.000209 
0.000204 
0.000198 
0.000192 
0.000187 
0.000182 
0.000176 
0.000171 
0.000166 
0.000161 
0.000156 
0.000151 
0.000146 
0.000141 
0.000137 
0.000132 
0.000128 
0.000123 
0.000119 
0.000115 
0.000110 
0.000106 
0.000102 
0.000098 
0.000095 
0.000091 
0.000087 
0.000083 
0.000080 
0.000076 
0.000073 
0.000070 
0.000066 
0.000063 
0.000060 
0.000057 
0.000054 
0.000051 
0.000049 
0.000046 
0.000043 
0.000041 
0.000038 
0.000036 
0.000034 
0.000032 
0.000030 
0.000028 
0.000026 
0.000024 
0.000022 
0.000020 
0.000019 
0.000017 
0.000016 
0.000014 
0.000013 
0.000012 
0.000011 
0.000009 
0.000008 
0.000008 
0.000007 
0.000006 
0.000005 
0.000004 
0.000004 
0.000003 
0.000002 
0.000002 
0.000001 
0.000001 
0.000000 
-0.000000 
-0.000001 
-0.000001 
-0.000001 
-0.000001 
-0.000002 
-0.000002 
-0.000002 
-0.000002 
-0.000002 
-0.000002 
-0.000002 
-0.000002 
-0.000002 
-0.000002 
-0.000002 
-0.000002 
-0.000002 
-0.000002 
-0.000002 
-0.000002 
-0.000002 
-0.000001 
-0.000001 
-0.000001 
-0.000001 
-0.000001 
-0.000001 
-0.000001 
-0.000001 
-0.000001 
-0.000000 
-0.000000 
-0.000000 
-0.000000 
-0.000000 
-0.000000 
0.000000 
0.000000 
0.000000 
0.000000 
0.000000 
0.000000 
0.000000 
0.000000 
0.000000 
0.000000 
0.000000 
0.000000 
0.000000 
0.000000 
0.000000 
0.000000 
0.000000 
0.000000 
0.000000 
0.000000 
0.000000 
0.000000 
0.000000 
0.000000 
0.000000 
0.000000 
0.000000 
0.000000 
0.000000 
0.000000 
0.000000 
0.000000 
0.000000 
0.000000 
0.000000 
0.000000 
0.000000 
-0.000000 
-0.000000 
-0.000000 
-0.000000 
-0.000000 
